-8.078913130606002 2.605529804216428
1.2342351414600985 -5.104119592793782
0.3079427192477266 -5.26873653204096
0.25550373374465973 -5.238071212187058
1.866310832325706 -7.320089495160346
1.234718353004272 -6.354985880025519
-1.385526049791772 -6.563418221559103
-8.777802575685769 3.9992072268957215
-9.709098232003797 2.904839849381341
-9.085385266940136 6.015314758665438
-8.10740930893533 4.81917472876934
-0.3542446070396371 -6.4994788551755125
-0.975968264202647 -6.009355391622552
-8.472813401385354 3.9201762084134852
-0.3158919985727535 -6.583484818043948
-10.476976042204756 4.975650700937207
0.3755155903525284 -6.328156614163485
-10.523478487309797 4.0341975669493095
1.6214975142813925 -7.032937253218639
-8.029928261042802 3.250254353477185
-0.29902531807010857 -6.518658534019942
-7.565217848224599 3.6180700914701958
-8.83563824091435 3.854152982185533
-8.941913957169188 3.9218148668244353
-8.242687631891545 3.9416163372906374
-10.914906623800675 3.9178090558312264
-9.190989289543678 4.459822830332008
-0.7709465642199009 -7.910112683025843
-7.977473641311006 3.231642173605887
-9.94904357370449 4.349841073378479
-7.346238185814622 3.8524230000156368
-9.722071668725867 6.098531573859535
-8.714903138127884 4.222305184065732
-8.593698792120266 5.07070264783059
0.8786462778081715 -8.260308708079375
-0.907845325735033 -6.799675906291535
-9.604534744328937 2.91888239216087
2.2346222841742662 -5.152735543972134
-0.5779120035427487 -6.455301772844984
-7.237734103828811 3.3191883812301253
-9.848154830444491 1.8972882549099257
-9.589883891502401 4.39826105281904
1.585838574302758 -5.742886438991043
1.8815060783564517 -6.2911804100068744
0.24749996311792555 -7.584583483056646
1.3401690349267823 -6.8242237200793125
-10.524627994982168 5.191721978624554
1.1474572978552406 -9.280035100521387
0.16741895271301163 -6.4059656008972485
0.46607861647429494 -4.50574734605261
2.2897071546656944 -6.318450136677175
0.4360193747761625 -7.178006197877453
1.7972643323454738 -6.363131242781805
-1.172851497156772 -8.196223910007985
-0.7732426495773275 -6.373204170919277
1.1234417358566722 -5.418231771149289
1.59563378239872 -6.778689469420745
-9.102794493711329 4.7262047431635175
-9.335359175999768 3.7299870627099843
-8.346208664594174 4.80118868561415
-9.687662438135604 2.6567655429455925
0.33488053797675343 -6.879987849868357
-8.950028814184979 3.157059854840333
-8.448335787733411 4.81352391413199
-1.3002389151399365 -5.88459877458624
-9.697555172143426 4.061846869411046
-8.97576834656671 4.408581925486007
-8.765477185893014 2.5831773028882186
-7.804342614510207 4.8331671243602585
-10.184535807792788 2.706579394611324
0.6626620865374635 -7.474920059048292
-9.78294151634247 4.517964336935975
2.4996969150665374 -6.515250725787898
-1.0434716988600827 -6.0530996933594885
-9.435199741565278 3.0745891633934486
-0.6346653401239313 -5.777330757528206
-9.3732244720998 4.510435336001034
0.054852278363982765 -6.783778062777588
-8.20123671908198 4.03865581294552
-9.01781437891473 5.157476610760877
-8.538219900764739 4.069305425200012
-7.6280162574134245 4.7404610500790625
-7.408916076899313 2.8737297388548306
-8.060700738899016 5.000492970406285
-9.055649036487008 4.659917580378854
-0.028854086562814463 -7.056890959083523
-11.421640147682483 3.932509825397375
-9.434518179351933 4.305107414089731
-1.1836892476084027 -7.409426252532839
0.16500645123843585 -6.045079114761055
-8.153289937162992 4.555527055214492
1.2244928889173492 -6.699480125090185
-7.05518708813156 2.955180005221807
-9.33807181171726 4.107958111866896
-7.402638687237606 4.161860124373847
0.12429706436995622 -4.849131577487427
-7.867248518602809 5.2894750035452365
2.663597831843908 -5.188057407270305
-0.5014904424268403 -7.860928105954174
-9.118692098120786 5.829505610565598
0.6618860683568484 -6.35165377539713
-9.892771580323847 3.7980448066945094
-9.137892600286628 4.557942191854065
-7.818052107807494 4.336278659856244
-1.130150736686432 -6.649735949513329
-9.332031298503876 4.536179474769109
-8.678504037615 4.1621914056423766
-0.9651883965679313 -5.0464428135704065
1.4046867101205311 -6.365670759664057
1.3503515777270618 -5.625876595082765
0.08403547490740423 -7.350488096173432
-8.477847802716054 5.293796316444066
-7.57691449397714 4.715886553088612
0.6745116670872107 -5.1331671851003975
-10.113822503071352 3.766808000857953
0.6400751587499172 -8.032970731805554
-10.46514387858879 4.383950783493356
-9.805327381165952 1.7526975644780989
0.05535712079566374 -6.501522865458414
-8.066933038392314 3.918745049950438
-8.989962118637965 4.3551685414928
-9.388687381262255 4.004542790540228
0.2878172687262882 -7.663302176361172
-8.438432830496765 2.657958773129316
-9.90182265374354 4.156443617430584
-9.098847581562985 4.449609780970217
-8.075637732538675 5.257269779583954
-1.1106736490729088 -5.505684298699967
0.11125839226459358 -7.890683852252734
1.045661378122017 -4.720586837637004
-8.601549766278909 4.2107379033706245
-7.853965503961433 6.111707867214458
1.5924699881135058 -7.222470166186589
-10.67100354194268 3.7822819021488665
-7.653698970255256 5.339700818103419
1.593703156839668 -5.257417240149191
1.5180102749632933 -6.765814016079648
1.093743328611475 -6.516294020169575
1.340805222088065 -7.291841542560292
-9.297561578768184 3.159213136557855
-8.766895224367362 5.743399511868595
-2.3575600782892856 -7.202725474941778
-8.326159144176893 3.7277555621138188
0.6141046066622489 -6.201537371998472
0.6976509436300296 -5.382672351317382
-8.50584565474389 4.633431904654128
-9.843557918233529 2.1291493511496773
-8.076247298624384 2.5781794320799993
-8.403228626785934 3.51483925702869
-9.916307079361266 4.054770027466398
-9.616480836666671 3.9258529310913004
1.31025670562248 -6.859740697125357
1.4946940843219279 -5.089901152301681
0.31382757890789975 -4.809385742779272
-0.6890860123044478 -4.522674458128393
-0.6642044790665133 -6.330404580387804
-8.172521638386158 4.609722994129438
-9.57820938441525 5.112250697345228
-0.3154263233315454 -7.2327108586556585
-9.087176348666741 4.865135395519914
-8.113255415204998 2.6511453271431007
0.20512328249841283 -5.090221025949553
-7.6627026049453635 3.7514042911661343
-9.276422108396586 5.27490046888379
-8.447768019356593 4.241997981344906
-8.289743612674647 4.811828777276117
2.1117120949877597 -6.51730495985559
-0.2861208123175386 -7.290586238375304
-9.213682182116855 4.303355209345156
-8.320895914438905 5.4294829302029495
-8.195302186843003 2.5093469121486547
-8.660391293854522 4.1878165262559985
1.2706328861893241 -6.399474680423029
-9.217175724764727 3.585223698455229
-0.12650829097354882 -5.747466509694464
-0.705917998304932 -6.779299642162827
0.23780921910018007 -7.821525540078784
0.520064705394406 -7.836435874999443
-0.7802621413508857 -5.985988703527054
1.9859528809869837 -7.812870750028152
2.783524566149334 -7.540814875700665
-0.20012907836004679 -6.691501708620548
1.5833917593158893 -6.272901065730005
-0.9958998059466886 -8.072951617765764
-0.01939776067330823 -5.57383380590781
-9.078011648573819 4.097346574984555
-10.497296388416046 2.8048483466819114
-8.993598093329258 4.8495639689870735
0.7450805832366416 -6.355352696890832
0.3053192113904487 -6.887512473920232
-10.3223544275674 3.9235592822345335
-9.180550168821966 3.8358177434932
-8.025687519133376 4.165817184477384
0.3798975563091463 -6.948167172636819
-9.001122639625036 3.021009523392837
-8.46995647486061 4.771229368729236
-2.203945390972355 -6.700665050054193
0.27313475033212103 -5.456015662021789
-0.6236163929525044 -5.374160396595258
-8.406290506709368 5.976198320961598
0.980040452381751 -6.071274384589607
0.37166966566216864 -5.9007694713929
-1.2516726820896662 -6.155776629957446
1.6198129967271029 -7.512539127089745
1.4218343024721949 -6.381567004659492
0.29752314129040636 -6.930913866032239
-10.4600521034766 5.616776986526894
-0.25309015002179147 -5.166082453799114
-6.9896063781852975 3.841636851856381
0.3438283111862253 -6.957160234942391
-9.00066502694685 7.107353823802944
-0.31652127512763184 -6.890587555919415
-6.333476035144883 5.097793673192847
-8.870980474136545 3.7534576579458028
-8.374365150066245 3.114398816906867
2.2008931824327327 -7.251085295593771
-8.22263176550083 3.77062770271867
-8.374903263421302 4.750460147944707
-10.164462831016882 2.2280155319240595
-1.1468315579431205 -6.796906334530332
-9.478842925659627 2.9925084792418826
-8.359457563427263 2.9536989289779445
-7.447976784568201 4.810004692714232
1.493919413311465 -6.6356006777009675
0.06811972468307931 -6.292317301822871
2.370847263670489 -6.220307575976301
0.3172186999967115 -5.382023581256377
0.5179247646922621 -6.4341659817329955
-8.800175085573205 3.8137096046432797
-8.117453860810706 1.643571352506787
-7.670697719282094 3.5231956348165183
-0.41768541021587313 -5.7796163612470846
0.3463230372569706 -6.7397766695933585
0.41622839602298445 -6.534548586905822
-0.03469572900424167 -5.124742179306352
0.34986908832492575 -5.984726311454895
-8.775266382265094 4.000745778715958
0.22902581132006294 -5.197058047896958
-8.457107526759467 2.7150201645624694
-7.233201735724634 4.036061318504226
-9.40398997705128 3.2926409693351197
-0.8247920493311194 -6.339539392711822
-9.30332943486653 3.102560293175375
1.695741309331205 -5.640001409438341
-10.672939351123736 2.841871451242424
-9.902960649547605 5.2684345154251035
-1.4839479819676729 -7.024553065942043
-0.7275562562234072 -5.8060587324204365
-6.965662904169355 5.328374271444915
-8.576265440723544 4.014420759533551
-0.5622283446157793 -7.482897040064072
-0.9254962486300884 -3.7984079531458232
-0.6914771795729426 -4.688421302046795
-9.992021223470694 3.9751151015123574
-9.081243791488491 3.2787913141937115
-1.462985629099229 -5.125818302859132
-8.783618773261669 3.0463527423254417
1.205113465614621 -7.738336059530363
-8.231385391749859 3.2172062191316453
1.7045320992889306 -7.270686489820863
-9.820483091643116 3.60462731634864
1.9512817849611215 -5.036823402124818
0.8843208215589357 -4.062502234280323
0.131190653811716 -8.716814684903344
-6.9808219541243055 4.926549814100782
0.8547511943704806 -6.096312445933503
-0.49657366604976005 -5.572611968693436
1.628546518867964 -5.659839375631966
0.16682686944385217 -6.568731206030101
-1.6502207003429714 -7.790865585976155
-8.856972281676123 2.2204477531566207
-8.124085578282475 4.469299085289498
-0.7586511270823852 -6.035503021929523
1.1834084425268012 -6.71321851836397
-8.586521341318852 3.2997575817508533
0.48193988964671164 -7.1445283900906915
-2.6784796268754842 -8.184290256090307
-8.74132020194325 5.753847730952571
-0.42443482294236545 -6.483731364569475
-0.17100196138256596 -6.792958221168811
-0.3648155319337337 -5.704755289058676
-9.296151918300634 3.8480588874466513
-9.042311917630162 3.136046214332362
-9.660194247805755 5.989994995396743
-6.975886750136848 4.688666546157696
0.7331585923225311 -5.46946373663887
2.9004990859499693 -6.689780873515486
-1.5241204452285855 -7.042901679145451
-10.447055984264566 1.5047340069606734
-8.026181673239506 4.234744913091833
0.6035707655977902 -6.790638625457912
0.7216804052846326 -6.119064245431068
0.5851968225452031 -5.545849855831045
0.15407708491590094 -5.645010457066203
-0.09349337055597745 -6.656517349217514
1.9503546193319004 -6.3365026726577165
-8.585877402494003 2.328824460207943
-6.668319548532216 4.371227118324682
-8.830471527918665 3.4241260529185205
-8.290669577950819 1.547984360586684
0.7137047630803337 -4.7135299777354955
1.7289254005923922 -7.765791726715758
-0.9463104955851307 -5.408981835853126
0.9682434499260525 -6.82219546935296
-8.435659915123937 3.635855138917221
-7.457465489456918 3.414777551988623
0.04345314406670753 -5.104956837049705
1.093737972435294 -5.924294051747648
-0.7008414723153849 -4.558789606280564
-9.115981959849686 3.93781098199088
-0.32177383159710293 -6.5908141497224
2.269042789448462 -6.1916329487534165
2.164359504022203 -6.784235226846269
1.0932093666390628 -7.149559121935208
-9.2911347071326 5.030569832865453
-7.679274474367997 3.649666698849988
-9.441839982456631 2.373202544290514
1.2715399148465467 -7.812353825874831
-9.408104975309936 4.407843373162958
-9.61366356937732 5.408711694486219
-0.6699151275919784 -5.241616496733843
-9.199678803767473 5.06895537371757
-9.657950003851399 6.687594311996246
-9.201413122874326 4.3465256046012835
0.010404814672527074 -5.623115065643299
-7.494559571188522 3.4692661671233402
-9.15233861784632 2.7724716980972897
-10.373637057577977 3.722840742134326
-9.570672247163325 4.7886046300507585
1.1579254096058555 -5.048170668431297
0.8072890124927314 -6.670600332781495
1.0388772624430076 -6.270530694651583
-0.5025116927500051 -7.3020663411018925
-8.383701846123078 5.181817214433655
-8.446497410060173 3.080673052145043
-0.5723024933916606 -9.349535944473617
0.7903766281552977 -5.259075947844844
-9.384729135116785 3.2954562491040837
-9.245600879870238 2.8678721756323347
-7.65866355191543 4.369533859129504
-0.5705005030916058 -5.600245191113991
1.4339156028882236 -6.907765408035118
-0.12006468983360391 -5.435381531394454
-7.419069043478188 4.704668022291117
0.6782997939571126 -6.275774597765089
0.33936696585604054 -7.117843442048241
1.1089708186516365 -7.889418985875717
-7.841070422464694 4.161787106997373
-7.393795882467595 3.137431138251787
-0.30146303067566316 -6.412549172858975
-6.559414761743177 4.127425724377098
-9.015518235859455 3.0328846462866976
-1.1370458408199824 -7.646801712186053
0.3809653994056833 -4.7457855253328
1.0532554508160266 -7.544336150618717
-7.999762870371954 4.858426364851747
-9.444487691230231 4.069806577556234
-0.2565149253557977 -8.406896438895979
-1.4162796227593162 -5.791965788539636
-1.5021651671774805 -5.870401283080559
-11.142365496460407 2.267611462905979
-6.623026582774008 3.1543465098602894
-8.606092950108247 4.787579475333031
0.7564494238225385 -5.895551187301082
0.7719840833277796 -8.034221052400628
-0.5601755554293404 -6.311518565333084
-9.699269215094796 4.6825330696436716
-0.4671311214208894 -7.789792182131166
-8.156053841141109 4.525639479855704
-1.2498740790298721 -7.605093350483214
-7.775186490733475 5.2427943942648225
-9.837172915884654 4.5748716646257215
-8.647543508531204 4.440337660751229
-8.969709099711263 6.076487928196578
-0.603066915868489 -6.447546607450763
1.57371903493476 -7.759178942019462
-8.296898653922604 3.308444984551471
2.6134322783411053 -5.301289178903914
-10.123416945719395 3.8770969306016045
1.4847204052217564 -9.247907771118328
-1.2928708325720335 -8.00733286680958
-0.6764522754639538 -5.616785937864615
-0.33692200659545957 -5.863903849693715
0.7677184942806735 -5.783009149067478
2.087788265438887 -8.196070590413397
-8.789774834330538 2.8370020494323187
-7.653781787361617 4.733486541370797
0.5719115025666722 -4.875134819706429
-0.431671980722115 -6.69509639274955
0.39194970753706937 -7.431215513244839
-7.396944128110875 3.940889714989382
-8.708864437576501 4.543964313420461
-8.669929034894038 0.1690502454848275
-1.3168626176710478 -5.9700619703733
-7.718328138290017 2.8024451675686217
-1.377580229316708 -6.661124713761021
-0.28190010140529365 -5.9078008509569875
-8.923535696715385 2.8749949030477033
-8.873071064529649 4.019577924556909
2.5215025204909507 -7.125910793067499
-0.15031893796000162 -6.160802292811352
-8.552850236074951 4.094112223124629
-0.07243766204025448 -5.326372273010234
-0.3861277341841206 -7.314359523059095
-0.35420655884671826 -6.997003153346914
-8.8288934021793 3.785526060171919
-9.715191845710745 3.394445903404578
0.1499906671232193 -5.6445638548686095
0.30796154024342093 -6.589846226323699
-1.167662146487931 -7.242095376144831
-1.6478814505633588 -7.858829847298322
-0.04130410375905996 -8.003357860388878
-9.527502814554762 2.0930620821893102
-10.354225976132653 3.3763566736533344
-9.584669259418693 4.820845957541652
0.8459841387809988 -7.426199215355281
-8.13749128089553 3.998513146057281
-8.332913813418008 4.570803823568801
-0.21637672598309599 -5.855226842558495
0.4822181272717132 -6.186309114851138
-0.0927847803264163 -5.192277933884642
-0.6496114929657375 -6.196509292319246
1.1907819006540823 -4.0559730968390335
-0.8231042480398376 -7.547486841360983
-0.19742564269408114 -6.147848298345874
-0.48663010651938354 -5.565427090766317
0.6529771904353353 -5.9803409746635525
-9.560160021324704 4.981754992864344
-9.778516206976 3.325517992504794
1.5044511802778884 -8.244418858470903
-9.321851620872803 3.598040626483863
-7.931780364165121 1.0588141135856133
0.850598411728568 -8.113391512706347
0.7388018748845109 -7.962060525364529
-1.145444059465969 -7.037544213039385
-0.8928134283957372 -6.518501142347547
-10.50076214519919 4.068908367917478
1.4773017372923831 -5.793125289697626
0.5129289020870071 -4.0920204800927475
-8.620118187526716 5.245651837034963
-1.0263901662443344 -5.8860504770521445
-9.299535422115088 3.135166187613915
-8.249592499279082 5.224170535815168
-0.18892395431925235 -7.000800499889001
-8.71432073086595 4.437101685818056
0.5143144769468109 -6.139865765161456
-1.826054181529857 -4.270047091379267
-1.4675879295845924 -5.735429349616999
-1.1797644094748707 -6.8556731723731605
-1.1240128109317058 -6.528183340044831
-9.051211623587582 2.7867509138926745
-8.909755538325388 4.52111439376159
0.9338438433553918 -8.755699775308003
-0.5923193991544898 -6.930734224252643
1.3951474838178204 -5.283572861825571
0.5912061705151253 -7.955712069895224
-9.906995138300205 4.242933296599819
-8.426157131566036 4.0586283181261535
-7.0387279767793824 3.0363712828796245
1.0265287582386322 -5.6041258814240615
-1.2617927062272063 -4.4549772968319115
1.4077940470238035 -5.898350370759616
-1.542140385603799 -7.083857390850608
-9.094129685551271 4.109410857984824
-0.7986246138044704 -6.698655408913366
-8.133597548127346 6.293822483159126
-10.692755543652197 7.25687445176023
-9.650547955033495 4.539129422726608
-8.676421672836566 1.5917357452614453
-8.34003909455236 4.356432701407553
1.047106138175327 -6.653931282920364
1.4749646283129727 -6.3185775953534336
-12.2668541824055 3.6781109682098316
0.7879267030728425 -7.0429893499187255
0.5082143438791101 -7.695627672645613
-8.909040973798149 4.452162014640366
-10.429445513679493 2.714771161143804
1.5942856189176864 -5.850702147884401
-0.5946375729576653 -7.142975284147777
-9.17159267953669 3.3404245655564386
1.1988666465470534 -6.367977120003274
-10.464026983526843 3.9791884716858257
-1.523767172516517 -7.290332285584874
-6.396469930023947 4.88091053337726
-0.6255042483543509 -6.835742317708222
-8.365611823187981 4.252970868742531
-1.2120328705787937 -6.504169518358667
-9.205614165137435 3.678991770287275
0.31930276698393695 -5.209538368356964
-8.443851709991613 3.039664180568197
-8.610277016334592 5.424769412250816
1.3926890103079703 -5.455777214306419
-9.243245353755135 3.893849163344411
0.7874276993421903 -7.021714104575773
-8.87764477041425 3.8321233098539236
0.3076538447833285 -4.53996160336591
-0.034687956428166855 -4.235223230145917
-0.02252499759836829 -8.47465347497458
1.1140927437882642 -6.608680503471984
-7.5267492571371175 3.733758133924102
-9.288740760776792 2.469308009191243
-0.5419106623653641 -6.261580917798036
-8.721674034741987 4.255619471098691
-10.931320728121282 2.619990516169115
1.3537655233865598 -5.445661170061972
-0.35286060115039053 -7.003553074747359
-10.820908726808941 1.2374512698877793
1.2004179744700383 -6.288574758131931
-9.610269809413822 4.219510577292544
-8.913138193335278 5.5554858555679845
-9.751086162685818 4.217741825718612
-8.329312062438703 4.581077205666688
-9.187106730533607 1.855717241404403
-8.934105106719858 4.8108655207948114
2.666401168503327 -8.296159931696506
0.7265907798315538 -7.6495659397694356
-9.925118410056978 5.115724060636289
-7.927136226481131 3.827328520315288
0.546916554215982 -6.857459709445112
-0.5712980769577323 -5.022141759447589
-9.921592748079112 4.585741496024314
-8.570427732968103 4.507343087787573
-9.465686033614292 4.888222033471113
-9.65938331054007 2.767292194019203
-1.4601428214758116 -6.682004860125627
-9.597561953531766 3.204679204631507
0.6058915054936508 -7.702751349355109
-7.529919803510275 5.82514626044283
-8.463089565135878 5.078027782615864
-10.323436728122932 3.7376162823409245
-8.91950997801687 3.9820237794263624
-8.91427988594789 2.9991230924679595
1.4081868800277968 -6.231989319925509
-9.13855903942476 3.9019076381542313
-9.761649687311408 4.428244016791173
-9.703538537115683 3.649952568001661
2.0234926786317398 -7.669564381575137
-7.947199940725846 4.355216942528747
1.386069253523122 -8.658855049465373
0.35158425326655235 -6.8240963619134565
0.39578118555612146 -4.809710966577603
-0.9178608548705605 -7.160873064134808
-10.297155349046669 4.719122331911125
-0.6696665970586193 -4.8887073654793545
-10.690966493553837 4.061745099937236
-0.8977143771406 -6.887024001017095
0.37903022329449465 -5.309022783139374
-1.1101870011857107 -6.614807225188434
-8.507963228679293 3.157831557976818
-1.0054012172456992 -6.4637569099656655
0.5102133514616567 -4.971255070090247
-9.183439395165747 4.928466156961448
-8.126283504756769 5.1092193163088195
0.2815037997004968 -5.187910584862299
-9.488748799193823 6.834204771942458
-8.622102608315755 4.233539502255775
-7.52163630678185 3.987446451428519
2.1482081630019305 -6.152527508875744
-7.999104583633269 4.528184319747309
-0.6014812736813993 -5.068102098051252
-7.60458933591945 4.3350345377920325
-10.169560412444559 3.755610797035011
2.0076292014757655 -6.728809776242104
-8.536101060761965 4.8912032000373245
-9.16973494921627 4.010867227781623
0.585202400517372 -4.92757987182385
-7.289662169253796 4.000846069846671
1.0843588369348607 -6.441819842988611
-1.5097320023680338 -4.681056797267519
0.8141713264461676 -8.763251599021924
-9.981435977934543 3.798591641681864
-0.965765870648233 -7.654639596482542
-9.618379505068342 2.626342910870822
0.7836397799995054 -9.564484436928609
-8.688938295479332 3.537185938105129
1.386534518854042 -5.728927260419866
-8.9276515840437 2.6793401430335266
-9.19329752271766 5.382940989316293
0.749226351517357 -5.440115701186483
-9.554938588594474 3.2768493812378554
-0.15721030059175045 -5.993827313410247
-10.938116363988035 2.589043920896314
-6.552407626922349 3.4502395677000055
1.0354611627745953 -6.376829022772924
-0.2003292754367777 -6.966306301126963
-6.393592164429766 3.665612783645206
-10.84462375005652 3.9802202090967587
-9.19647798691691 3.3091968321243583
0.6346547189019507 -5.658875934701684
-6.899104462166879 3.3314684452395453
-9.035511069731243 3.3774883726417197
-7.356977710606431 4.211339689208334
0.5280096745247785 -5.266162351178812
-8.542445821927137 5.346198927376005
2.3380731360423894 -7.8812522941817935
-8.281866581266291 3.3307371074308914
0.5025692755701973 -5.784464232144635
-9.917157770407526 2.6478204957547344
3.647835251403211 -5.973922932263847
0.9311316197436381 -5.049621549273057
-7.4456395028325915 2.9626489703907897
1.0742978958332703 -5.3678613717086705
0.003445572333122593 -4.8646770061134905
0.43654419895331725 -6.688875818214907
-10.610521401042154 5.030529244237043
0.16267836998512933 -5.689541631669707
-8.403844104502712 4.282726274685819
-0.4292447007317247 -7.052412630514691
1.2782319244279967 -8.407448647847225
-7.185188123402185 2.9906984762138817
-8.558504263316058 6.1440460908146255
-8.161712963471992 5.907346734440171
0.7427491643144888 -6.5000868761716015
1.6898592794208682 -5.122048403744365
-0.23277240521021414 -7.116399499017659
-8.245859066045975 2.3048318439138766
-6.934093307172396 2.1676661699601567
0.8447984248641324 -5.859654972600839
-9.107651980025201 4.487806423113697
-9.458575355054256 4.809955828026802
-9.552081519356552 3.8215773141712117
-9.65687991298205 1.7657472904851734
-8.798382696501386 3.836309403079205
-9.937974126339949 4.601733184923551
1.2200507197080261 -5.841186280445008
2.6048788470622863e-05 -5.625094956097308
-8.818255253230488 3.7174561786672187
-8.91539737229307 4.66758646780354
-0.49233416643470795 -6.015516151927505
-10.428739856790394 3.7082765592827047
0.16892275039430768 -5.3580412927234
-9.342518476540748 3.139493858375396
0.18636567100486748 -7.400244072660338
1.0124084386344114 -6.181600571207035
-9.181491590410824 5.6611789647277515
-5.801162840801181 4.732353808271757
-9.47877179930948 3.6869963861286505
-11.526675310904587 3.4594658992967533
-7.8617929480182065 4.23014795880112
-8.977083741532992 3.2054753192129604
-8.01201065276282 4.36309310268837
0.012231962647112626 -6.452068153651705
-9.927918071080285 4.223758756475363
-9.347873050194657 3.292157205936541
-0.5597212189008908 -6.343471790480574
-0.528275327446769 -6.400212108508955
0.4938347924546913 -6.565532400759171
-8.641960413793067 5.281383105877845
-8.370761916079 3.687196608136597
-8.809015438540921 4.102960321271165
-1.7734716808421664 -5.199841214454005
-8.567971545900694 2.877031325147893
-8.247304044512756 3.076310993868395
-10.334081452483897 5.196872388862578
-8.216939201298274 3.7255754678256126
-7.287283355398515 3.6729936940691177
-0.6293867115329352 -6.846114987622126
1.781174660058323 -5.930960400195699
-8.001537090603815 5.033228978655835
-0.42183829858258826 -7.867676030279842
-8.826656711307166 3.4462180148883688
0.4963817668511088 -5.962395166406498
-1.5178457613504635 -5.577911311450503
0.07570299933251917 -6.804850580439174
0.7752453398703354 -5.9888777252386145
-10.226770716655427 3.289179141570358
-8.571204685686087 6.484382082410765
0.2639875273778836 -6.817686052128371
-9.331186453468508 3.1060674313752905
-1.4763257958852252 -6.948122422711804
0.577825542597389 -6.5039067938785955
0.8169625903201061 -7.527003584831253
-0.26033253081087737 -7.6742828476084854
-0.2165454220099836 -6.324248757399378
-2.3234194848671326 -5.1654834546900235
-8.487699434346633 5.185761141419535
-2.024048701286957 -6.104055720703412
-0.11401718675425959 -7.455361539252944
0.5687315435448503 -6.2976994551392895
-8.18817927190905 4.616046934162482
0.5583248168239577 -7.724889732977905
2.693992778268246 -5.997993806529289
-10.764554736757711 4.507122398092619
0.5554554017148118 -3.5215868845157834
-1.067760336144912 -7.493705715970734
-9.18792215355631 4.254612578242149
-8.120248655023973 5.8310825179939805
-8.559565768833952 5.53088059636801
-9.304317803775525 4.42758922375621
-10.572998669176187 3.959368213838828
-9.792408946755678 3.2367276527249262
-9.358449590161042 4.404171642506434
-8.916729411438503 3.558771636237466
-0.5805376966591759 -6.708742240046441
-0.11818070199541764 -7.6973287333542135
-8.227931099669934 5.25675018050605
0.9723856933282117 -6.4105576333413135
-9.611134255150967 1.2223608924395482
-0.8193076071787979 -6.805315002435771
-9.055196284816354 5.265739593751136
-9.9721129340477 5.042501143615449
1.0981337030190752 -6.48507024259617
-0.8125999617564439 -7.392324894066745
1.2282754553178987 -4.926200113122072
-0.14458010921537706 -6.988639858338705
-7.543328150076252 3.244084472572954
-9.61611868325807 5.2568954424424055
-9.480054584308908 4.056109254210622
0.8676531654851786 -9.049515196656852
0.9600289914352276 -8.562115934322335
-7.809877503813731 4.992857667866732
-9.56838788176526 3.018343121405362
0.8229973639901722 -6.067346140432046
-8.607503424353661 4.537182849661755
-0.8384609977825419 -4.868682909967617
-1.058078914624124 -5.846228877185393
-7.419316820237809 4.532404416946996
0.49026912909045617 -6.478725331725653
-1.3825704658669933 -8.233247934728805
-0.09484514331588922 -6.557292530196894
-0.2616816771132888 -6.093850091532136
0.7695389624954005 -6.249876037070203
-9.485168391866697 3.6185977079805385
-8.914454638602164 3.4919976815796123
-7.879868095266609 3.0891017498282833
1.12022584354165 -4.311977834903972
-6.9406673691421075 3.3521939216469656
-1.0456786307365016 -6.394568454692437
-7.601257137871398 4.827666885269014
-8.795314239442337 4.081368488387162
-0.22086660648834322 -8.630674340611478
-8.616526046090362 4.019575330561279
-11.360775083620965 4.93428649635903
0.5544531656630014 -5.773351607474993
1.7722588730935596 -6.065206857336123
-9.44314256317773 5.505740299821683
-7.129363554217084 4.2939772901866995
-9.093970457278866 1.092348163611625
-7.947166132753539 4.768672648313392
1.2294115842813158 -7.192023465326448
-10.684196198713236 2.5679413992095674
-8.577510968918155 3.749198686198695
-9.773964116456098 4.260637960514188
1.0845571980642417 -7.223441810605004
-0.590932303368806 -6.911709060413718
-0.11882539909187823 -8.276971418844418
-0.009430264355331563 -6.183640987471765
-8.338116033190694 5.004197344716455
2.580955579690395 -3.6249034140731733
0.49067593540156507 -4.925862459459945
-8.331059766539937 3.551402300996509
-9.492892588866377 4.7109159784057155
-9.016114631990144 3.5259976312525585
-9.426154341031266 5.572363474861943
-0.698784022403359 -8.382466831149388
0.8896006711898672 -7.082555619724364
0.23765188610110377 -6.415319249116228
0.8870462280369242 -6.67904301061675
-1.1996186643848088 -5.7747084178437875
-1.3377449404914064 -6.471487964049362
-8.954092089745382 3.236816717337097
2.1223470570084015 -6.8473270220012905
-1.4784439840640575 -4.783662759962637
-0.43600115118258276 -5.8083244430312355
-8.19929274391121 5.662882866888856
-8.846738291343964 4.286719099093375
-7.118111864823344 2.963886859718028
-2.284087381587013 -8.994860548383151
0.18467905276310728 -7.024474976196655
-7.349726493277268 3.203216216298815
-7.418910235703271 2.2445942104296686
1.1996768109797176 -6.288434444076578
-10.76651705229808 3.396893820768723
-9.36318947965151 3.0456410928334776
1.6612586572279702 -5.591171727151323
-8.695308878746495 5.619478149985676
1.031567531457498 -5.89485605105655
0.6157375979474546 -6.454354593063695
-0.1988427400285535 -6.995332850863474
-8.429187609347325 2.31775209710842
-0.12275115496795103 -5.5595144150045686
-8.67975316720402 5.847805481103924
-8.111860578777188 3.650878783440857
1.1261195613120363 -6.556699462358773
2.0754765917005873 -7.731137903043729
0.6266975105509632 -6.945855759576521
-8.365015260423897 2.143574653315776
0.09130983371925766 -6.455345496340927
-9.843682177170349 3.3205208542825635
0.8232855762079029 -5.672889062399823
0.38421798855851785 -6.6360198806917
-9.096937851298668 3.8101852083011805
-7.856807455121279 2.7882240358247685
1.3512790109574757 -7.08537215285918
-9.894819591472865 3.0279169330393554
-9.21481847572285 4.0913353574972415
0.7762445096957412 -7.552374082310067
-1.509598493180301 -9.29440635474836
0.30810013959585014 -4.343099273278673
-8.841204017886442 4.72850835186731
-8.984399611833815 5.192869650606621
-9.0383589353426 5.056258712321573
-0.6181402315719399 -4.782970588610479
0.7852695096473488 -6.064969712622821
-0.9514717768964795 -5.930855559613347
-0.3917805378048873 -7.121454594716743
0.8513809489481449 -5.747998476357823
-8.050415258745598 1.8780395167960924
-0.013508059034706699 -5.819256434584196
-0.27998846113827225 -6.6205754242623325
1.2260042001204305 -7.317849500678363
-6.975039470175142 5.42853066244264
-8.929261017630434 3.74650701486238
-9.568282142104499 3.3835823278716934
-1.2496422703032628 -6.300964932770754
-0.4294056151857054 -5.442266623019969
-0.160902323649381 -6.364083520985797
-10.741521526887164 2.9826184802906233
1.9847742890451783 -6.618205480642032
-10.947836530509631 3.330482132151938
-9.546043427423156 6.398322448386027
-8.501717592822297 1.26632628774416
-1.0202367304234468 -6.496265997024499
0.7251057925199039 -7.837037440021132
0.3557946342394693 -5.563008873152252
-2.1992163528466806 -3.757717756561168
-1.233461901046458 -9.012520189239817
-8.702033820353968 2.883687325267016
-7.7947272492573045 5.283444061118905
-10.874293420323747 2.2915599743705393
-8.276439318849416 4.828928796710489
-1.9069121702196115 -7.2520150742903375
1.1937556992396243 -6.564865905066726
0.45642490216306747 -6.891087262325688
-8.455691481951645 3.796442299043805
-9.009516876600866 4.97816569228963
0.3795554659223858 -5.194239320458031
0.2751045889958189 -6.546280776409188
1.2493609637534315 -6.8094572570560095
-7.506824143582301 4.430931018458107
-9.023829663732199 3.866425480633674
-7.974289865627109 4.338953432328307
-0.5181951418438928 -6.34179125825073
-8.948662539036954 2.9217366248223193
0.22366402687125614 -9.09502964416403
-8.711970234166749 5.609903196525515
-10.119879358446175 5.336692341861875
0.22626699396456307 -5.817024221021519
-9.048212484121422 5.575373340161169
-0.30579353705504664 -5.506149693787988
-10.159592301537817 4.423488409840887
-10.680197100545135 4.05886234165172
-7.277146689417696 2.257766998380589
-1.3357770436004197 -7.136129772913475
-9.638541900297726 4.234331337655242
0.961798999062564 -6.00205620532673
-1.4507381342626278 -6.1820933390158475
1.2945976290879777 -6.075730769702453
0.19901661699572926 -7.786205148667097
0.2061311311578402 -5.238258839428201
-0.5234273122133067 -5.84582208828172
0.4794786657087805 -5.344719219544592
-9.86215012124364 3.188339496984879
-8.042103274274764 4.033845915676854
0.25260675429292195 -6.523710619013497
-8.45715247494206 2.1875797132556922
-8.856708993095209 4.598666372322337
0.8740756174563812 -5.283081142562595
-10.136958435678434 4.989558443645169
-0.8870457052076108 -6.986310790893126
0.17816872012089954 -5.527494134261177
-6.800135172887687 2.769910623591013
-8.41306168844188 4.055211805607972
-0.13660624657555398 -7.579964200631904
-0.42841842102429084 -5.52991150521425
-9.260956734372765 3.3629007617790214
-9.424538063131974 3.836801702087813
-0.23541371810373257 -5.230219623842504
1.9182346299918245 -5.662577058982756
-11.290185172480395 3.859915425038091
-2.632505807788434 -6.101537240695117
-8.175351595419368 4.206888017815699
1.3669152851822723 -5.1179256266524655
-0.4835853961164732 -5.4434826590365635
1.0146313525864352 -5.45784153216463
-9.535899466078034 6.407478126471863
-10.406170756848393 2.975734613741561
-11.19953496635027 5.2051853778301025
-9.264952245338497 3.7143788093704084
-7.7514776545280615 3.6831443503336465
-0.020197078724366158 -2.838907847710867
-9.163633919567774 3.513605720975389
-10.153430683457705 5.143851885236959
-0.33246879805251883 -5.9254980110843105
-10.457346642828297 5.394527051856354
0.7096770748820536 -6.23479886596261
-8.339373026204337 2.068603761749806
-0.981392748754405 -4.44997173922979
-9.661774143607945 5.33122634520583
-0.5832528063319541 -7.015807227424848
0.33034324925011743 -7.037707843816298
0.2758889170214829 -6.3447349970235045
0.30644438816529057 -6.708734141280837
-8.82340568052072 3.445213295948639
-8.299172468444473 4.89130329780312
-0.8274194944012658 -6.137573508590788
-8.04705393002716 3.0831951829927107
-7.916523372814962 3.9036912670102986
-0.04525575771669077 -6.159989899575094
-0.7900023226912825 -5.874344687636131
1.309094240934685 -5.4627161844832495
-9.921908382247842 3.6489543914387563
0.37665292445782034 -6.143676399567187
-6.997014033506863 5.636728834706116
-1.8406609807804206 -6.551161134967462
0.0063462454228807585 -6.022610230515705
-1.6500387765836237 -6.791532987610233
0.5179328203447886 -7.105153409885385
0.2292280139764651 -6.106351341047856
-8.411885160390579 3.3347594547628856
0.30783122903439963 -4.6117373374706965
-0.2877419282795598 -6.140838213181083
-9.309124338534984 4.0304031486940035
0.46635208398276534 -7.7742032902031735
0.024791036424135382 -7.439013561774265
-9.219849889807197 5.147652948542814
0.9292373194733076 -5.325592492803359
-8.290214220069842 3.2539305767381848
-8.83503768321113 6.615025778051973
-8.929681853122103 4.413842165564431
1.5508943008780967 -5.046882253371734
-9.71662929035802 4.752388077311339
-9.759366165301278 5.054287033628531
-9.788708066649503 1.9321880193884575
-0.12871262603992922 -7.230154880014462
0.5365529986458157 -6.643444563234432
0.8114202357734508 -7.291946324363705
0.6052766051225063 -7.1386431555224386
0.410571266214081 -5.947685282931938
-10.185892630679731 3.540672932295078
-7.729798643538279 3.7428255269042614
0.8718971305092423 -6.418488010721139
-8.07273902761968 5.1583537207171
-8.516843549137795 3.771989747612168
-10.049500351136817 4.1906991857088185
-0.32885873765285345 -5.771098187294802
-9.450011761435652 4.395930738870629
-8.178457372769286 4.469400977883695
-9.951712015361785 4.574805294599754
-7.979824512556111 4.160966899122445
-0.0691599009786395 -7.205936018320207
3.3632364189026083 -7.0547191774666365
-8.435937671954797 4.289453417242599
1.526250341619151 -6.079912769637698
1.1281794026800043 -7.161371383718541
-9.45957614148185 3.249309209047144
0.29025848657440334 -6.278325430365899
-9.810213375869736 4.252424439187547
-7.4010374939793095 5.938565354949884
-9.205893518944409 3.3517207837838807
0.07113096557844906 -5.420622356889792
1.0063139942793327 -6.017576057058311
1.5760007921506431 -6.0926623065175365
-1.351111157448473 -5.926862894719453
-7.39438875877263 5.298989286716797
-9.08422836761023 3.254995467519255
-9.02088721390082 4.416534511337393
-0.19671904780792915 -7.633747973680118
-9.398331615371823 4.1262405239819815
-8.917859275328063 5.218111653285501
1.79572670986003 -6.044616539647499
-8.904749282396812 2.954545873192326
-8.091868128949336 5.314984353682297
-8.191730172136722 4.810315496574681
-9.094229479079928 3.9825826979196246
-9.171277930410234 4.737263860971625
-10.203659136688758 4.465973213824335
-7.988426017853828 3.2343624340147903
0.6058830536478313 -7.774335834607815
-0.026727117458440752 -6.6821853749210165
1.0847018060760778 -7.117296571599472
-8.795372142835278 2.9704095165984636
1.0674965900986795 -5.645072573642837
-10.112683006006284 3.92243349767314
-9.527277518253644 5.283615625670904
-9.297019915090017 4.172130150867019
-10.291670291413919 2.882875740988278
-9.22218888315519 4.6606388728169446
-9.383430789117705 1.9532293848241271
-9.20639747308478 5.397611226575519
-0.2041471931994433 -6.752571961402053
1.8532737160653323 -6.95975970991607
-9.799430016178507 4.83544912058672
-9.150992727439492 3.7695722761560546
-9.479055043268659 5.312744480104085
-7.92456198541792 4.329315671472336
-8.090977114921795 4.872411733044945
-8.877210611190142 5.149038994084634
-9.809599726825653 4.165562742296243
0.1641370748234914 -5.486696513633834
