-2.252781000804729 -2.706306246462931
8.208089428796436 4.863819027935093
-8.91759481428553 4.233079944435761
-10.345282477387002 5.469513717537556
-8.369668540493318 2.1906521377247388
-3.1376995749029635 -2.1635210178863677
-3.917855702882734 -0.8458960763201064
-3.4109730364292106 -2.798249505014164
4.620549403137571 5.644749341142996
11.083962991202469 5.871793983867683
7.078713359846661 5.286232281684141
-11.350626460333352 8.162572442501892
1.3582973144305222 5.47912096011973
7.801498780619864 3.7498746875350055
3.4260697094745014 5.746129230094425
-10.114495283706654 6.340687878465399
4.23581971874542 4.481308868212936
-11.334292220435213 10.144135545240065
-8.527782471899792 3.6312802935287274
-9.083461583957137 8.265024236484535
-9.094316989850542 9.537892723269085
-9.293774946095827 6.510608120399331
-9.701715352445792 8.272599059506254
1.7676347405128672 4.546601757592407
-2.474548399992032 -1.7354879971019568
-9.98736654271439 6.750848049043501
-7.425231922546449 2.0202501906920434
10.207083172209336 5.253119043515358
-8.632815993082481 3.3369014518353106
-7.691485454027161 3.7174724976620985
-9.791248964316667 8.7084289492201
9.765190826304883 3.5583588428143864
3.1468569934903368 3.114100563933177
-1.9201193819048892 -0.1716690055016057
-9.318937092084415 2.87875580626551
-11.388653300824002 8.40744119781426
9.347699273304174 3.1779100322803324
-7.947713463266332 1.3375032549487416
-9.167899907030401 7.259730351114575
-9.814267574174306 7.891308091799025
-10.591346632369696 9.558466975270274
-7.082709668781034 3.1847174457040976
-9.949062135594724 7.358793902255641
-4.025119580009014 -2.440660735331725
3.400918550105827 6.646470252262965
8.068933500435657 6.05821381106316
9.533991833385404 3.2846938003398978
10.665082306332872 4.741743800285382
-9.496345408623135 8.617378676053715
8.849849423769948 5.548169463798036
-7.63049708021649 3.770377423687301
9.245728656531192 4.103899166017586
-1.9728195969999736 -1.3196291568924747
-2.6135066513244367 -3.133383710510532
-3.3411205439830143 -2.0022130913495664
-7.190663716445258 9.223263417898323
3.7062979345057907 4.542582387115486
4.524663860174609 5.686311331188034
-3.6049479725932057 -2.1259514280095777
-2.666320975676057 -0.18329188853092626
-7.614909409195384 3.9676401863716944
3.607493537564465 4.457723304733818
-4.483277095803071 -0.23978119374628326
10.95999622778738 1.8404259109206218
-8.887775545004015 4.250996276582457
1.6679586117877878 4.338791513298705
-3.1939901053233903 -0.8722784872534415
-3.331515492470276 -2.639470186259578
-3.6355695571304443 -0.5569318982200738
-9.073583139475364 9.916444404523663
5.323143530435684 5.990824643994463
-5.641748762004026 -1.6480443120503139
-9.629924889822055 9.654878492141227
2.8299588319392224 6.149549167295138
-2.1398076972835485 -3.6916234659506775
7.603785440622048 6.0657095552967455
-9.835096922914971 8.974351633259825
-8.192843872190231 5.40104247730642
-11.068636041762403 7.953613523607746
9.012548283199067 4.017758466511751
0.3527852830845526 3.753705334526022
-2.2479408750857335 -2.763101255069908
-10.394814264534682 10.015763502379793
3.568249392286444 4.848438722900197
-1.5875497758851544 -1.9501459695046695
-3.7420244157795417 -1.0796912999629142
-9.576452373465038 9.169533259207395
-9.910700246087993 7.6921518785315515
-2.440143777057235 0.21115581412608053
2.3782823243344913 6.83807427022092
-2.882565053257072 -1.3860962174206395
-3.050668019186092 -3.4944496858492076
8.934100458706853 5.014138998122719
-10.692132512092467 8.743224521864725
-8.655655453658145 3.6578936711432752
8.235979161357498 4.34997928701209
-3.632289949566884 -1.6376818078106758
-3.271283766889988 -1.6070958340235237
-9.390459211999183 4.619499619459691
10.131752013505974 4.482971193014873
-10.537545504892933 8.660992529771711
3.6642788654495657 5.119496511168212
8.821068850388873 3.5862526663577885
1.8093059665257927 5.865464402907755
-2.566233982186614 -2.976661371090454
9.494238842229787 3.9097687910919894
4.533394435358557 5.755301332376334
2.689919548578179 5.646950148544468
-9.965741931762338 7.845481417057253
-2.7625520907005754 -1.7409759631086748
-7.518416507560204 5.384723393798065
-10.567608516419943 8.417572158350653
6.289904279425098 4.727527108942433
-8.062674248965171 1.8851790103139767
3.7019704476596482 6.010890198530367
-10.639190711206957 8.531942215790686
2.3916344569465235 3.108116893291165
6.70529214184495 3.0433271615309105
-2.382786708369244 -2.595298327647467
-8.74584427736801 4.384989133215477
-6.103727698144467 3.1006417232403347
3.429442270590705 4.489067855372805
-8.456230017710661 1.7606305999604475
-8.871319334438883 2.562456669773937
-4.452446435071578 -0.08380329813741305
8.367650079351908 4.4193144770151225
-8.33397077176744 1.8093314131114617
7.699171819564385 2.972955555758669
-3.248644253124384 -2.2447004581467667
-8.256457669997832 4.606597656234484
3.4848246363211652 5.463009763021548
9.439705148306963 3.604498695071874
-10.655655600759168 4.924381569532695
-9.452299162745229 8.495229927121821
8.400480774560398 3.796873842108544
-3.7461012833857743 -0.5979235846305627
-7.134951798358399 3.887624062961346
-8.593514546436808 2.0298949331916964
2.3376739796162647 4.793692077316628
4.66090708943371 4.19783626572438
10.044507411848763 4.319096407499742
2.9849938069524735 7.680950247069724
3.6614987505917016 4.550399251420854
-3.5584013778816033 -1.4059827617697145
3.017472599762844 5.113339399576172
-9.247631224931396 8.198465547863245
-8.695084412902723 9.240124273106366
9.153281680574375 4.329041473296029
-10.102073843620017 8.670492166249797
-7.5095773233278305 7.363147813250093
-10.57282986342609 7.99966317564517
-10.166764304760635 6.5137029747522375
-2.4377890439445946 -0.700027765621659
-8.833524131640246 7.216675407263214
-5.242795205177986 -1.0198589271088079
-9.043703004464732 9.44037582208841
-9.351186408560066 8.783892675233897
8.102028095278364 3.096801129714909
-9.312944941213528 4.787352547535099
-2.261421905397567 -0.819874717680191
-3.2983203337675637 -2.5771470262438188
10.279212895652336 5.132106084420701
-5.143421652947286 -1.2378787589539675
3.3614349964633212 5.622710156636814
-8.900717554532456 8.493096099891506
9.312492287562508 4.298519028438608
-2.617632824702979 -0.7991022683479969
-9.920019240185491 8.120974257467388
-7.467840121069097 3.8893712213311415
-3.7388022903596934 -1.7405601714456185
-11.421898330479095 9.747533970532992
3.0800598432606923 4.859042541756523
8.521642193681089 5.8878369455878365
-9.39849297929256 5.295749653622753
-2.948388346037796 0.13730523511396275
-9.177675170017872 6.926931725516944
1.3894157955213478 5.259444298308382
-4.259864171365886 -1.7358788361227862
-6.866435215576388 4.032144756345387
-3.6314740775435292 -1.3326246132796584
4.128606222522194 5.319460743158187
3.7353424107806745 5.845690824925688
3.252079210218262 4.050787381317445
-9.932170687573429 7.9321948681493195
3.3833602443422732 3.645281342382079
-9.499895490741558 8.597992083010968
-4.001428499029798 -0.41313077118591923
3.6030494479806294 5.088913495230376
8.985645735570014 5.149831989267109
2.9479238421180445 3.874569395899951
-8.061193040878093 5.119139127959357
8.806167715453178 0.2590476615135797
-8.146136131145674 6.355926273362382
-10.364355282056541 7.9055364452458665
3.0849097346938112 3.7809576682623796
2.274117697199614 4.4629949857065805
2.0622767920576224 5.412723945153726
-9.28677621281367 3.030136912420768
-6.988689994007629 4.2162821958699075
-10.536522378314043 6.646727272164226
-4.227527954197194 -3.5174251215322476
-4.988035598321091 -2.189560021231477
-8.032759847659117 3.4809401424841955
9.028318080126363 3.5554392443976743
-8.058886590681226 4.003635503213445
-7.7471815095272945 4.570062791135078
9.081892987681858 4.3815944274116525
-9.271345317463567 8.430070616095314
-8.406242820697443 3.344543019609425
-9.241772394082817 7.60660430594935
-2.8951668739202603 1.0443926898490705
-9.55316445746397 8.294138140978083
8.896922990848966 4.475874357009865
-8.838578331317454 3.3765373534648466
3.856356223157382 4.74638954495807
2.7430153008998492 5.372325515202312
-6.926052610141621 3.855740684416915
9.320775294244074 3.5331726124552327
-2.578903751217815 -1.8649398172477096
-8.737696146592086 2.3595603427582548
3.2696702906738864 5.194508085193649
-8.615172435013747 2.843293993879483
-2.4824937966861 -2.154209386046788
2.7302741181201235 4.999977594810474
4.696666818394253 6.173097901071443
-2.569503205940148 -1.0515145722215222
-0.6359669053909998 -1.1986692904585994
8.617679764451292 4.815923567318454
-3.0291523125236925 -0.9278495941172076
-8.018470081691689 4.17236129622484
-9.392789609870842 7.456767273177816
-8.071473200988283 5.8234770909299955
-4.041848751454654 -1.0833831700227206
-2.925032187974922 -0.801790216473084
-2.799779559865647 -2.348857097213952
-10.536583012393391 7.73462157112931
2.5157192024005144 2.904383978218193
9.515133545342426 4.056593367267864
4.232826754548331 4.444282697218013
-7.823935384626984 4.891782790475965
-8.770097701854702 9.769048695453233
-2.6997258562463733 -1.3654332428276736
9.077033942649091 4.983049346494225
-3.621669255388234 -2.528339865863221
-4.056181103232693 -0.7817405431246526
-8.859135944879172 3.469038812741894
-7.928986774585023 3.7697624443337707
-2.508149623580087 0.1159632499592218
8.356750495946212 3.2654750858826045
-10.972287477948054 9.019501297829216
1.734524473016866 4.3775243566390145
4.135917413948276 3.2854102675716215
-8.0196093316701 5.093676412925427
-6.9974090580073565 4.124640604172784
2.317252905864468 3.6417012112016507
-5.8711483214944105 -0.8047851376917626
7.51380712212981 4.056344547452063
3.6974093370667935 5.251239710030494
-9.983173057610381 9.035782099988388
2.3483455048901414 4.721945009982916
-9.786936789124907 8.551265329522247
-7.676155688929063 3.748724384027881
4.185581127471461 4.404252879518667
-3.644636921806893 0.3033650661046381
2.1524926534834963 3.6068290605578204
-2.8436264554107225 -0.7604651961192938
-3.353866908674477 -1.5582502857425864
3.9359372883066372 4.768434449550945
3.793159786451133 4.861783368249318
7.348467106244849 4.253965223617525
-8.282886752534596 5.690686423980021
-8.818962480350335 2.8680498323898425
8.304461467544288 3.548487271118098
2.263221524154525 4.505257845270734
-7.448218198435144 4.298611604786327
3.8927567231804954 4.957263275148589
2.48732639601752 5.335087464632756
-1.5624234687627292 -2.8204488187375825
-10.122266365495037 3.3514595480315297
-3.697166119853448 -1.3119265264840736
-8.405557730764844 8.858721287324064
-6.381822873337297 2.3820250059661023
9.77474116888561 4.348973261649407
-8.61879204275386 3.840400841667723
-8.790371913240142 8.635321495707329
8.022761191508575 3.863443218407602
-9.448839106172901 8.417436815900508
7.881482824326754 4.838905718099661
1.8226559332397285 5.6237724378965455
0.9822615226286713 5.7708675974776655
-8.400304667343145 6.055630062640608
-9.941540059798548 7.402305263140377
-5.146413196135261 -0.9013526862753933
8.67485886345163 5.609859688440015
9.771651623701947 4.351101734708609
-7.431509280541511 3.934338146038764
-11.080903606123247 3.362772475793136
8.669193105339485 5.941391589161189
-7.79748089360621 3.197395129607428
-6.093864271219513 2.317835896620063
-5.303501978400989 5.871336958945363
3.7756903645703526 5.614403145377423
-6.934687830112375 3.7400296092366747
-7.048557791020041 4.585841328098074
-8.77609913755775 3.1167220540965923
7.747349297661917 4.643910891443418
3.9083447090419408 5.25485075946952
-9.552428703259832 8.44972493767519
-10.719023554934651 7.897174470529253
-9.428301882470954 9.74089401464636
-4.192337618880972 -1.0376812690575925
2.474341782353708 3.9840328683854658
6.9944840029968915 5.02837670824063
2.0894650549453373 3.972522918286966
9.765153846664777 5.931928164398206
4.589545161475927 2.385392742408021
3.6749621739535643 4.579671676550364
-8.67078581742136 3.081491133732479
-3.9881956458298573 -1.13236188056825
8.936907854967211 2.6929960470839553
3.0404805890837734 6.122747967452489
-10.345791793514291 4.2443906667160896
2.939983644673642 4.596973743537489
-10.731065566533372 8.081994142643088
-8.948740973420666 5.456693845546294
3.8336453933424344 5.922218551764424
-8.743143464010565 3.819770797898682
-8.778616402210261 4.334800946791796
-10.179940256391063 7.22982582386846
-3.2853634427354987 -1.8347966697209679
8.577667729038708 4.1973265832602005
9.001584627540863 4.130348953711838
-7.12823987477212 2.681715400101692
1.9504259916590787 3.9792973902223174
9.064966957727302 2.8145150390871336
-6.877925816557914 4.271255206736394
-9.934152449917068 2.301735968167688
-9.010535269352141 5.158703416385546
-10.610463397135886 7.83848164670564
-8.5726902445187 3.423208204272541
-9.378655205375738 8.642696865944487
-10.078395107918782 7.762417532203779
-6.642964877083683 3.9847250503220204
-1.8482447659823376 -2.238397074215023
-1.946310795497805 -1.380384954963741
-7.9397401051313885 3.324923304400671
-1.4828289191982156 -0.8438387400953565
3.0934998591625638 4.027610462990858
8.475429640440634 3.9277437353369837
-9.012852194255679 4.932328932733145
7.932989827944316 3.9640292041539578
8.798227280374023 3.1780436898170574
-8.925594815671428 3.6193110196096483
10.086939184223688 3.946367866133886
-7.737860362984924 9.701955375911336
2.7351782910031894 4.273640426429463
10.617122915495347 4.97782631944895
10.292192264537027 6.579187335466672
3.272475791178407 5.65139848137409
-9.689700723011816 9.065197386851832
-9.964056297469742 4.523222008053997
-4.232948316983071 -2.510093132504064
-7.872962780376157 4.42093391400406
7.717276868046455 3.4509887352025324
-9.604560297924445 4.4536298157912615
8.48842710685761 4.168987115056205
-9.383897714987446 8.436336391256225
7.226154900094409 5.628555924836286
-2.3726633088602265 -1.7031823594266284
8.918016869493014 3.8121386524884473
9.062636202467019 3.201039461027067
4.369029777453375 4.643766284648403
1.656288007636742 6.006041407036876
-3.3597525729808986 -2.0973293835058047
2.2043218322138043 4.866342870733723
6.811161249508785 3.961006441124574
-3.7210638399080675 -0.7058870346618852
-7.860958745079156 2.349900102531452
8.457055840423228 3.6754060822044976
-8.095622443577167 8.021707587314348
8.330446803173093 4.299559780296402
3.5230953440540373 3.985046327206835
-3.077539185906439 -1.6813486163648814
-9.881560888022602 7.366744886027461
-9.111459585165518 9.0443169682358
-2.9403026591998733 -1.4368849364548977
10.156996991800009 6.024085223578429
7.484312828337412 6.397672126327141
-7.296744469312247 2.7783574107628786
8.650397658028451 6.506052130185793
-9.744503446457651 8.34951079866843
-2.67172386271365 -1.327539429523966
-4.118650073898818 -1.6058468448775414
3.326458135403141 2.831291765779128
-8.73217728520262 6.898378531541164
9.297003111193147 3.9770562926817306
9.15047740424858 5.088383030710017
2.6196616204535506 6.099743270423995
-7.520001267696584 5.136044938055041
10.439578246976982 4.611087731493736
-10.811452411272995 7.3287142074287
-9.80861250612766 3.7840424043220215
-8.253488045648977 9.13236152752247
-11.019231112617787 6.897730316685715
-8.846629981033255 2.4649132536477474
-7.640635933848094 2.88180706506063
8.59328410151831 7.1719172607594075
7.17034714239108 5.210727208908196
9.545840692620052 2.803712222857675
-10.175281405583478 7.20616337779558
-9.351428783193823 4.181940322151046
-2.307252212121891 0.24242741235507448
4.290330066375092 4.932814599195274
-3.030627380179446 -0.3480389086775144
-11.240812377482692 8.712463368406768
-10.729499829970758 9.547912793303018
-9.515498986859823 7.865898786543552
-10.622409720201635 7.8717653284679905
3.6310831416616223 5.377348582150141
-3.041502052315137 0.1428285994275682
5.979858606989021 5.802004318747915
-8.083667439826707 4.017206288199353
1.8525072503937228 5.506760054299473
-9.869275125588192 7.426281021412647
8.170291866993106 5.766013563930612
2.1076136143292077 4.73646522445326
2.8756108806773786 4.209017373857899
-5.3631440139102615 -2.2192468606436284
8.399111519413477 4.324467477522593
7.972359729927977 4.554721676324562
-2.841286705927562 2.748455638630502
-11.661690295397591 6.566438801865396
1.5109623378222417 4.523672653561051
-4.328216551393214 -0.7729576285291044
-8.277636960165221 4.189102684937587
9.059234959143621 3.365146943924803
2.673011753268381 5.2969443526348385
10.513895353369758 4.537306900980097
-8.242075986283956 3.1570567778865897
-9.879444669358525 9.589911126189733
6.81678421630881 4.709076364982135
3.126783644670974 4.619808746007473
-8.4629121807045 5.791897090082011
-9.361664515379427 4.5477078564019076
-2.9195514906412616 -1.6265853522065217
-10.261030463455771 8.643284644525517
-7.88036608195378 2.416457239130488
2.947163342851522 5.84489570574747
-9.50619046794497 9.219383140700456
-8.630843022591545 3.7239802213899873
-3.4937330870028918 -0.7509902895524248
-10.058922820724709 7.766132282063522
-3.5886174196841987 -0.12373126545701507
9.767135165703367 4.413035284978302
7.1646280443425905 4.2609050741471926
-1.896748907288834 -1.1958063275868485
-3.1718823889545127 -0.9629533056044808
-8.358478893325373 4.882122425436984
5.792962903993625 5.080803786295235
3.4824444023656365 3.868018781222797
4.150037768767487 4.450884544654167
8.412593719006823 3.405123849052327
9.819515368553327 5.483150886233388
-3.049267549132036 -1.179321052635921
-10.773506418189259 7.70308629582616
-8.40821335871595 3.960267036483034
2.1561502950642404 5.872858192171868
-8.62522404130604 2.804727219180805
-3.0732671336393578 -2.2172589314353086
2.375433511268039 3.08675880329971
8.188754133784514 2.2242133175403973
8.432479612191186 3.542115693868696
-2.507997809520748 0.7473761353729655
-8.716350670336405 4.12032319488885
-7.766504653603716 4.135192441524607
7.199669297664572 3.18132172352122
-11.12091666556833 7.9496295189128565
-2.3849760354314786 -1.7288186512234491
-8.816589885505483 2.9614365673449985
3.416963619149155 3.597921170909941
8.183837401479247 3.9815982679604565
-3.1388309774146728 1.2969589912131583
9.829958723064447 3.381514998288671
-10.881120323281175 8.633395901632396
2.2469932230834617 4.0810923360195765
8.936806401555012 3.5114740056746587
4.212968439234628 3.519868743652884
-7.929268033144925 3.9500425187377295
-9.819258063243426 7.345503300324581
-7.631030415309076 3.2846498573336023
-4.0595124971396865 -1.739557274417422
-10.799198914682524 10.07146870073956
2.701746981851718 5.250074635402084
9.347387833250053 4.508461710297003
-9.408646275557192 9.1297504883518
2.3151648272989913 6.405987689842528
9.17539382117947 3.1713407257099724
-3.6674897069125305 -1.3783328726173598
3.5491582643403286 4.341534812305137
-4.1778919507739225 -2.718247438779139
-9.583158710159925 4.050844874944613
9.60758600303 4.01079155243532
9.833377428918336 3.9905250602132196
-9.689842019212092 9.262172720213176
7.6543105417887825 5.337601162573512
-7.692084322238612 3.3789342778737375
1.455183200660507 4.697793588207702
8.394797551483553 5.43765845316201
-7.921699728388712 3.6291596010944764
2.904631550937503 5.379588468405803
-2.7057120152898135 -1.8709224039103285
-8.700569657123497 8.940832361040439
3.1481783034480313 4.865763254079297
-3.1245125377001512 -2.471594455364711
-10.561938099075265 7.427919187576693
9.874528456310987 3.746844989852419
-8.91209324639282 3.7948157630266453
2.3886987677942644 4.531629612897337
1.857315921902354 5.187712960806874
-3.8995294496461037 -0.5529351530159425
-9.663625207926398 7.844383186622861
-7.572329032179075 3.610056299558229
-10.118275798087971 9.115643708255083
5.127268917781515 5.469767685351316
8.307375530182364 4.551332896182714
1.5444172099158195 5.4564604932240615
3.214118713738151 4.86260304726948
9.491402277251844 4.9527021610994675
9.083559520531924 3.2624109700244857
-8.838630269812603 2.966575463359347
-8.32775788353831 3.1348496503829617
-3.2773201126199902 1.9518228709035141
-8.196311371822063 7.837568524834831
-10.791397526416779 8.65284656766234
-10.928846313050611 6.952029690340703
-12.017055336946113 9.370453861661192
8.593856330899913 2.6133506924011547
10.487727433346917 3.146679836262881
7.364801121819069 4.241331960121093
10.514166022489146 5.205341384099044
2.81377487620884 5.109598746779295
-9.762560835665655 7.668644283830427
-3.135405869858528 -0.3298477074285261
10.463326668259036 5.004038656505332
-3.7195592845166994 -3.297623448446086
-3.0294739083933946 0.042672916199712585
2.502739315982618 5.5519217803072625
-2.5264662923911514 -0.38503605563808696
-4.624991091250773 -1.7220503629664745
-5.012237787545935 -2.211335204927492
8.326629469249662 4.73411061077544
-9.407827265362641 2.9381028568959797
-9.525924372549419 8.35376755963835
-4.8232765550934 -0.5781919820576862
7.304874254751926 5.070556330469646
-8.428709460443248 4.9444384833199955
-8.519926543848927 9.583873458913573
8.997527286026562 3.6408984476340143
-4.362139048050308 -2.0651194771502057
-8.406050312327693 2.8213339723120683
9.166352359550848 5.72332637730757
-9.293962640980007 7.8080102386216605
8.765569328150423 5.008304498857315
8.9582632019845 4.563759394960828
-1.382439801216197 -1.0711965559029593
2.2078711745908373 5.719939670872602
3.5193531248536587 4.608291778890088
4.07004003209662 5.506819763963047
1.1634156935361637 6.104593959924985
7.420698040581276 3.9037398978538738
-3.571052361511867 -1.3928082307683312
-9.478241691358342 3.375400776554966
-3.479167687569541 -2.002709187127742
6.376419820833079 3.7579473869799904
8.359717791216422 4.25168247546366
-4.74299866734385 -0.6849310653223575
9.108897911330443 2.3033939989107877
-1.9915542293290351 -0.2543514189312378
-8.568748447032553 5.176871517914771
-8.070342539518508 3.054127179681218
-10.543645129360419 9.88403857612412
-10.461746620007897 8.544401063985369
8.245304087219642 6.451595521492239
-8.206532685345973 5.484083140072595
9.819512532713736 6.473360010353156
8.86958268056441 4.517740536778361
8.26264549679619 4.609989010858322
-2.5723301849657494 -1.6707634023765308
0.9840343211831502 4.1952433669342675
-8.487830397189061 4.707869941561542
2.7184624732362104 5.666246920129237
-10.496019967424624 8.686176054234481
8.053290506354921 5.368259384259695
-3.5861452421835045 -3.001631446255887
-10.143267048311353 8.18109305835805
3.3859557000988567 4.811229228006435
1.9956289471996707 3.7215737890924814
9.21064988104156 4.697102442638196
-8.955527932738747 4.245670742653478
9.131260644590531 4.077947632338509
-3.5188585507519594 -0.6371246720364306
-8.896407098843728 4.034193142539237
8.789632547478975 4.7769030805011194
-3.135250715267452 -2.9625849650158544
4.268857672885089 4.913219230852917
-8.635121841323645 9.12213692352886
-8.12810217687895 6.667889146775699
-9.401124334375151 8.518632095676725
-9.122815564475687 10.041310126620004
7.681870104718664 5.115262049286556
-11.179720610637798 8.777912701512804
9.14574644751104 4.04758169656409
7.690158539293209 3.4361784352484204
8.533571722092725 3.93725630856367
9.267549181448853 3.3431256314774656
2.7543092644473064 4.1291564933294715
-7.891794696335966 3.6977012088468655
-10.94557119456337 9.192678960611605
-8.050797019406781 5.75252191780378
-3.4760487490499044 -0.8860333699452427
2.0421643063399912 5.127905027803903
-9.82087203114131 4.682409207353779
8.484307940017798 3.0924172382997366
-0.4912634888017555 0.8474530086614909
-10.59620734280407 9.688740628149251
-2.908005774187924 -2.6602123663606383
8.974215319502282 4.593740827751797
6.794986234288571 5.127432566181987
9.144474971482312 4.300180012100295
-10.129542897372968 6.671863769293025
-3.462761453499941 -0.12581810601476562
7.044884132275386 2.956616012436597
-10.50373730881147 8.716701016173198
8.087815174017946 7.061119009393948
-9.290376184854551 7.260711164539753
-3.9034937131354277 -0.9747135237023576
-3.7741406332169243 -0.7700543438367977
7.220018125490951 4.053492849399983
-8.373496605042321 3.948336669854323
2.6695102944452946 4.485256155271578
-10.650178755747849 6.901984396004476
8.358079520733245 4.2605899528869635
-9.851559717864752 5.02412731835892
-6.729139275547688 3.967491844599732
-3.240190995539172 -2.306251714511193
3.47865698160914 4.8120211235511245
-8.104110517697846 3.62284274273778
-4.41877744877528 -2.686867336956307
-10.419340649847683 8.201794973888974
-7.749371548177779 2.682431843784326
-4.422487150252586 -1.4488388541288497
-3.9241626171320743 -1.6957036424483012
-10.82217884578864 7.552144424214313
-7.384088099656082 3.7197442315781695
-8.223432077956737 3.71190585236838
-3.704123734987186 -1.495462720434735
-8.197821459221677 3.977468535304498
-9.30373347539333 2.778928189556237
-4.380019459548051 -1.038853144409737
-8.53752066570765 3.4306584110595693
0.8601583815301481 5.932287804023599
-9.297831190990596 8.677559475189925
-7.9302191229333 4.674926566363228
-8.207960043959902 5.367877164146171
3.2219026534405173 3.8504289731274506
-11.10644110372052 8.471218286158091
-5.73832756190437 4.579508583316336
9.363666588193896 2.9753381972887603
-8.799545066530133 3.0753222971862195
-9.283814028968427 7.461074039695868
8.27049886052025 3.2752311760872668
2.1670258370467015 5.124360173021566
1.6650236875562492 4.292562430634842
-3.8616219893742048 -2.2086001104610857
-10.718574699165734 9.126308957487238
-9.51562029570041 4.747722540303048
-7.45401292893949 3.024135641174381
2.9038441382463507 4.964400623563472
9.072623958943176 4.1682671279407755
-10.226634218679692 6.709388509368257
3.244402551690571 5.420598195373164
9.884322653875985 3.5579501392276014
8.793327848468644 2.4777611366332577
4.81799479790348 5.951717434356349
3.0516741866603234 5.211690505138747
-8.6193292709753 3.088052930059378
2.074853041681643 4.924797272419788
-3.948635843190175 -0.06366371808220861
9.549921092423208 3.698134297714673
-1.5375783686675284 -1.2322535102632284
-3.289780151795537 -1.0715675604834405
8.56490801647613 4.421290922448331
-3.2123596471746403 -2.832513225352144
-3.490126789198364 -1.2797112938414945
-9.954799026657934 9.435019737246165
-2.190055544757064 -1.9956566001863556
-1.8313618745924563 -0.948847819639173
-2.429869886901829 -1.0812889680476703
-9.741358990478492 9.37484621823635
3.323165402648007 5.2326960161071385
-8.75809499225898 5.735769479535339
-9.858070606689104 3.9189631896150527
3.6136058128945323 5.376938944333627
8.8064576482592 2.637737367707299
9.579593861027188 5.577241091675529
3.687578662018651 4.513166041912302
9.082998621415777 3.811609467340563
4.371422714988675 5.009362579264301
2.317671951963298 4.060193885506084
-9.652571984323775 8.735216641198562
-9.464148130733301 8.753929870410602
2.724294584316702 4.928573077325048
5.019514103748064 5.386842709897974
-9.13963940151873 4.204886271242754
2.390226549405652 2.252672459350654
9.805726951975878 5.212365698909516
-7.895309533718852 2.9622613668099853
5.148805090204594 5.281296451925245
4.196572786528211 4.688750966974611
-10.286132764865876 8.524431232070164
3.783274754923928 4.394495139459788
-9.7009689144039 2.9490626440209007
-10.208292426874674 7.715166122535995
-10.88612687078862 6.649929148009327
-8.964534715244861 7.165671663274189
-2.16067066167197 -0.27886144359296294
8.243114941371424 5.323206921943176
-3.113143658207921 -3.0174682471462613
9.48162938380817 2.674264882087704
-10.573329057055272 7.966382496574665
-8.067372095236 3.134805797931396
8.590368406149125 4.111551742980601
3.7293923982720205 5.834018877657354
-10.088258538857641 7.118103008354623
-3.8432201827148567 -1.6152536433336913
-1.9977567144387562 -1.7852664574147659
-8.996392585970067 9.157760986121138
-10.093238083597512 8.628093723253091
-8.14574531669385 6.998389994075953
-8.845552470858014 10.347682072883758
6.309677465552927 3.682411548262851
-3.1220656839960848 -1.2769341463878148
4.588038029161549 2.961392541422641
-2.493498133481646 -2.3698141930764516
4.392901051719175 6.063091393118555
-10.461278855301838 7.73175376162775
5.175212356829777 5.526918696405553
-8.363938508698949 7.951508453772271
-3.8291511478548714 -0.9729391210634442
2.770520964871222 3.5114002297840754
-3.597248741093027 -0.663067076920807
9.511405343805214 4.7904155182671975
-10.255984214920698 8.066980611721762
-10.113381103372907 10.185882785500445
-9.785471701420065 10.907017725075098
-9.93557364779894 8.555300790303413
-7.474705862766042 3.5562452925792822
-3.596304318217401 -1.7103561516009023
-9.878309587268388 7.804846497632518
-9.08843342260707 8.220842104776786
-4.32038781630573 -2.233869076170416
-9.875651755746947 7.200617358264383
3.284486269217766 5.236886019015311
-10.062476606807508 5.69653051741807
9.104916419389847 5.4687900506014016
-8.1991116393104 8.516906182329807
-10.289168951846662 6.026108985829029
-7.9663781318310205 2.8240514987396557
-8.907588270253749 3.1038708149072676
-9.005047066038323 2.79141469568557
-2.6021897539151233 -1.986748273762726
-10.017899654001178 7.257966418806889
-8.749029645433128 8.072384379373238
7.456489174587573 3.7004158369222986
-3.1246164627439024 0.5272391105140464
-4.022274180266057 -0.616843889240069
-8.472236571629647 8.48921813132706
9.624732091790964 2.643830643259731
2.8802922812081633 3.963784647684575
8.203591770053702 4.2886479110208695
8.638471782044242 5.058726101797946
-2.3548808934436045 -2.3095860100023518
-9.951937297702058 8.120519309800532
-9.240422012850452 9.343053705702136
-9.830046469205403 8.413233719211334
3.1777437305370433 5.502520089280462
-2.8044049854647097 -0.9196745426581128
3.091711286261993 6.123103575658912
1.7580015281035992 4.61966126983833
-1.6457267502943818 -2.7884784590850185
-2.0401898589935343 0.48608509204411576
-7.781846269023583 7.875532513282687
-8.957539434813116 4.789803107247361
8.969275095311836 4.282064588933425
-10.32758868267904 5.568299779408809
-9.558380912266212 8.62112637438668
-8.108838995304772 3.753698483886317
-3.609931134375575 -0.7767278830369928
-9.113665193743042 7.0934472686532235
-7.700738666254875 3.4959474194304176
-3.50466696989494 0.325886622569566
6.718338759712551 3.5181593051300504
9.908661231642098 3.2900797505196153
1.799219124399323 5.97600112717285
-9.098396594113954 4.230716850543375
-7.512392543791683 2.5337723322273225
8.601719693429024 4.409694904178057
-8.868977703723761 8.16809427817089
-3.5323859303425342 -1.4926574018240186
8.686149248551587 4.572189944803971
9.583348134469095 4.960427325021479
-2.440766377468335 -1.0990854054261
-4.303678134486955 -1.4011402981156378
-8.163230552903215 5.027843908014933
-8.716485852394845 9.964980168252344
-10.1452932073282 8.364546105931431
-6.573630080736082 3.5126523146287054
3.3659648657866947 5.5980798712569415
3.6854117066960193 2.6288144595179888
-4.662327951456222 -1.0165476556312973
2.6441115056068507 5.4715998704911675
-9.48607390578169 7.589133339212735
-3.607158099483473 -1.2161393671795016
0.5520526354506079 3.934704661687233
-8.44879720183609 3.1620986373136297
-10.09653900167738 6.970451483454174
-8.728986814296352 5.228824341789615
8.804394746901487 3.2127881549661272
2.4880761776931295 4.724731698450648
-8.4882929685389 3.9303258369201757
8.241772138652475 6.438302448525933
10.433864134819979 3.973126736459497
-8.622449097548003 4.335196983407497
2.7952097830811677 3.765075386689891
11.021000711845563 4.116425926275713
-7.732423536650724 4.863740646180302
4.212898993486135 5.22166855533768
-7.499926293117224 4.286992640591725
-2.271845690934107 -0.0937848095912086
-3.2370094038933526 -1.0328572146627542
2.0309174004337405 4.950925184868417
2.0109606738641497 5.901629805009039
-9.123961240019858 4.763037239199346
3.8917713818388964 4.185928567518036
-2.091898024461512 -0.7280313118202637
-2.137713342025765 -1.8142612448470783
2.9514423929567783 4.272571101734322
-11.16803941324795 9.42690574424855
-7.738669629085734 3.653959333517923
-3.7065339118670835 -0.41298528790479494
10.206800683830346 5.3812349902879415
-9.060080142993039 8.45150734021142
-7.816638864391166 5.738126840636576
-10.598716717964798 4.899872703458078
2.5256021421339008 2.686183113646299
2.377532077502128 5.737776070358381
-1.9906392899031509 -0.5431957848390813
-9.2853190748191 2.484528964245299
2.926043365982002 6.361171567279311
2.546694651962633 5.38562142597207
4.9457160967831495 5.132423941364029
-7.11868007169858 3.891523688640339
-7.403837632408399 3.0459433271445713
-9.175252568117575 8.74455253429598
1.0292775264145888 3.301538844037783
-3.633335486358079 -1.62778453261007
-4.646582032814022 -1.6070344225800604
-9.277257251782238 9.293212737704236
-10.672596512137474 9.208920629177479
-8.298316066984828 4.743837728299381
9.114216645106197 5.603113434152512
2.861219776958497 5.615797250564338
-9.819783911858112 8.331471779511261
-9.503748621859613 4.158790255228152
-3.6789965133279274 -2.258527163639452
9.585919249913259 3.6147991264677026
9.334126037723479 3.5106929288096618
10.25630705624785 4.448375854347241
3.988562949771892 3.7169421745560465
9.797460715119051 3.017853458469459
3.0375389440093543 3.532660874076625
-11.511514322247784 9.552413446887266
0.9624383135654209 3.8037902758358877
3.3444391825142628 5.0426136789304365
-3.5430400962281756 -1.416206411856901
2.415191873395627 5.180774474762972
-3.7027801825531337 -1.2578207660794953
-4.438512842226483 -2.5401505620848113
-4.220142612340077 -1.9814195387466962
-7.8628756758247675 9.14595351431292
9.230650066263465 3.091631374555899
4.274477172644108 5.117157539636617
-1.9011286473386941 -2.7007718817590516
-10.503665567916688 8.9367174810978
-8.568065442383473 4.34236986563672
-2.629067903094408 -0.09438596031187463
-11.169179536443695 8.245246631673362
3.6198635045929146 5.5366904724109895
-9.426747972470562 10.61297779500053
-6.91709076804548 7.78758283132569
-5.330870251861052 -1.6865354312952239
2.1731646742850113 5.4329697080560155
-7.915276501994137 3.1542682794491106
10.313554327780007 3.707405441157511
-8.228751772994698 2.9062347324034743
8.943210157026625 3.6326106668132083
1.401573728939257 6.9488079285164455
-9.726002224589367 5.568230424920315
-7.922196570917238 3.836979950025916
1.8509623346219808 4.245191255744759
-3.017997886988115 -1.0049841903050927
-2.200789397164931 -1.695063840455151
7.53644064627351 4.830771385668603
8.996714340936277 3.2581157216046
7.557298471629363 2.9389389309482694
9.307663711230031 4.829369982290154
-8.884901318472423 8.736886229616251
-3.9272269321894884 -1.0403025409004134
10.163475996969225 2.6306283065215768
-9.169644376029039 2.968491506611272
-8.08658492234979 4.237519476241371
5.344439942038022 4.296594020985108
10.18908456252531 3.146829788624346
-11.579610520063815 7.121322745065622
2.173482513356767 4.760270754536893
-9.13323819389457 7.226226311816918
-9.388820083126053 4.468066847274281
-8.139460659209035 5.090243261390695
4.163290502350243 6.2215087765998796
-8.921886842832457 8.19873193930474
7.804970275713436 4.290162687455573
-8.398116403902604 2.9908967918223475
9.186322324128309 4.720812157999551
-8.90662332937273 6.9212121496963235
-3.704349078875266 -1.2329674041720617
-8.994776091290264 3.8751635152364767
-9.29338346355832 3.9941390471485425
-10.631053872275592 3.167423348029105
7.825811020073271 1.936487841887378
-4.675221022303827 -1.363444430906592
-1.4954461401750518 -2.050831498739766
-4.581911000977727 -1.5527596359975961
-10.33930543345857 8.92152232850139
2.033450395858029 4.718047703853565
-10.292776305173287 4.853362967871997
-11.57273904790575 8.539037377109674
4.506340255006586 4.403009639805246
2.1834906870299364 3.560403119133747
-3.2482299173075053 -0.8062901784295211
-9.370515479577058 7.916563393544062
-9.816978472651202 7.234220416408287
3.3870976016391667 5.893516922973396
8.761744732879063 4.539066790241957
-7.363428605282837 4.862743359962059
10.071913610726885 3.252698580710069
10.56864175419659 3.2893356767025197
8.483997766052921 4.763502956031601
-11.452062022572244 7.800894233043443
-3.516182232257192 -0.4599525795368584
8.177970191459906 6.414836365351556
4.42767961945899 3.2337594730250165
-7.7700392307281865 5.864321616542416
-9.94339776022705 3.1511313442896456
-9.447317795933632 6.7694707110028975
-10.309972246829552 8.840239351579614
-11.298294885589003 6.720857206485908
-2.959343067401921 -1.2844430021513848
-10.235241191975422 8.591291512972784
-8.78686102459987 3.7745795934145425
9.411494382418079 3.839275761109419
-8.395969057566123 3.4187458486046465
4.02892147094856 4.4878097622657975
-2.278172615199952 -0.1315476937159228
-8.973143019355453 3.3353253361143254
2.2226458101897775 2.748012450803871
-3.369068403434519 -1.5935398241278218
-3.947653598291838 -1.7276144655475942
-9.661684960592407 3.837149284527266
2.003121770382845 6.108929591653996
-9.610380822203949 3.9871541608200496
3.880918224176688 2.476636811315176
-1.9189502614744978 -2.3141187286869913
-9.667867797762089 3.4382280888323673
3.824656953675629 5.561007086775457
3.6419341602444044 5.318709828021019
-10.897711750026868 8.403331211692443
-3.5886749206760435 -1.579123767083294
3.413657180755348 3.996158184533
-8.577788118707637 4.401320471457071
-3.168310779050743 -0.6245354896950108
2.5809017512235357 5.915388269407991
8.414399707097067 3.5315718435582477
-7.252540112467375 5.42829566341227
-9.634526816385808 7.621667797060641
-3.4854101128286885 -1.6158188646718659
-4.7402088591445874 -0.12519082982414664
-3.0908720648146035 -3.1433205162109186
-8.009597401191433 6.108414796622954
-8.252474167909629 9.683175754081551
10.282378931605665 4.781366714023926
