3.36762183703513 -1.977005417759907
0.2826364333936229 -9.707625794353227
7.100972664861484 -9.633222891039116
-0.6318210740390969 -8.626755217053072
6.705619938721857 -4.445938454987225
6.749361561933878 -4.00375055464672
5.596145684903504 -3.844290302707612
7.284741089260362 -9.916867456506509
4.701500697675209 -3.3491612953936296
-1.411507219586974 -8.570352395333655
5.770029882677971 -2.6748748788743124
-3.6778506511502704 -9.802519078652974
-1.051685726807201 -8.847867098966807
7.685141049804836 -10.48808741568444
0.9262237927053827 -6.206929481172059
7.550843561961386 -11.265056998617164
4.845043520331844 -2.8826143103740005
3.859593770343996 -2.317143833768177
8.281799533419182 -9.897011186289275
8.671157931247526 -10.688740677264372
8.462323393282588 -10.148166566029783
6.110246630360265 -9.09763238649818
5.995222337371339 -10.495107242655179
7.459958691944059 -10.525685128212391
8.581871952909797 -6.973178763687134
-1.8129326970539428 -6.671703637010742
8.750837124612644 -9.00283624317646
-0.6258234849101464 -8.097993688382449
8.354091734877763 -10.511641322271151
5.92657871598995 -11.68138879921165
-1.1814734421777198 -9.08643361844572
7.088599840585188 -12.198184597066554
0.11630860293745937 -8.499327612042478
-2.3347002622405313 -7.687511139554392
4.7333451377087945 -3.9114971089143964
6.893554765089166 -11.254945123597938
5.946360057531248 -3.2952255133410606
4.542037086896969 -4.493103057461301
-1.19883887292159 -7.961669171204723
6.728458286987522 -10.106564333231411
-1.2962651326262358 -9.534205611266788
6.603440322341499 -8.921415179108136
7.396950887781284 -8.728032019355748
4.754631800121375 -3.667670509643818
-0.3727645944872102 -8.24424970812276
-0.4887443115941141 -9.617209416337714
8.538959070525275 -9.964665363364228
5.983524329776243 -2.339289288986633
-2.9292938413252516 -10.273950114656685
-2.607762085009356 -9.920240661975864
5.339085519592971 -4.102470639989997
5.215246584510113 -5.059998253099497
4.25551366719832 -1.9076961515618183
5.347699243998095 -2.902606361928906
5.7939214608534 -3.9318900921936963
7.389396409804451 -8.771802994220703
0.588489001671131 -8.181479942395027
7.889092692005032 -10.579181977969405
5.653702915847352 -3.3413052223777937
7.786710222370155 -9.917897401124632
-1.0186683300026023 -8.793660532538794
-1.1650104404907469 -9.589512701491921
5.5138615995984095 -2.36737950878967
-0.4206864966937485 -9.263963064660464
7.482347964657473 -2.838278702134615
4.020317639804263 -3.6064414286286155
6.7090435137900215 -9.664911416721852
6.204721240572921 -4.194548788581546
3.774696126159914 -3.806719613176953
6.165097749145292 -2.3804820855275777
5.196114546769543 -5.095652630407917
8.722006760082744 -8.941567101007376
-0.6572923792716814 -7.922956401070166
-2.0191720373750117 -9.51891578526389
6.083070985083139 -4.129820579875725
6.604542718373456 -2.296406373771239
4.844136897783249 -3.2974778847574933
6.616997346875644 -10.565570278708075
7.650102140070256 -10.336356806904368
6.462916722970255 -11.107963153143997
8.04959203134807 -10.675523902538208
-0.6082957286440095 -8.797004631009528
4.977791148614126 -4.8780328983950225
4.554594447091768 -3.1430976466457974
6.506675731474385 -4.382326848940268
-1.327309912869639 -8.192265774290444
-1.8170231767441454 -7.590471392700644
6.378801769341368 -10.328624776067869
8.074939598351794 -9.154638794836256
-0.7087164225161314 -6.938711899977873
4.756636603920172 -4.185230355964492
5.365676330124913 -3.683013659227922
-1.1993006536839976 -10.127071728205761
6.51335524480575 -11.133222176519824
4.285740024378111 -2.722974985389648
-2.607733822958772 -9.81798413838232
3.2948524353478916 -4.0309781304498165
5.499218682860817 -3.4474455831100745
-0.05201546967506987 -9.384177452080715
-1.7722437204568542 -7.850813729968724
4.764078390595588 -2.8174004981667706
7.275889949107974 -9.67641902529774
5.119976486327861 -3.6330001733176576
7.208995547902794 -9.626419283876526
6.52444053004957 -8.508274176630637
-2.867005304215283 -8.971131563021588
7.629278639379281 -9.57098595846971
4.707860609079991 -4.812822168652923
5.341721533559666 -2.7621561238766925
-1.2575362470196016 -9.306312375287641
6.281746925406083 -9.74344055670994
-0.28696368798446825 -7.6209126698968035
6.9168036361093845 -9.770048038996627
-0.9714665261108189 -8.425300729272703
5.71599464221636 -9.52953781297764
-0.9511261779464792 -9.732205346976341
6.41965402176158 -12.106428654145793
-1.7206261907237432 -9.1466557840233
6.152843314442503 -4.398185109309548
-0.8633466965263509 -8.730394124911543
6.7347703009919835 -3.386520683820226
5.682065652959471 -1.096564516973924
5.236607984578252 -4.94819469485888
7.566250173890724 -7.920645296557446
-2.035080603363076 -10.595047448367122
4.91444147801774 -8.588680788647377
-0.5772785235869139 -9.308134914555545
-0.4615253090154889 -9.44690444722553
6.387873796430062 -1.90712780415425
8.286255874670085 -11.351533016323033
7.475145445010088 -1.597555679577432
6.591309066491102 -9.946581806546314
6.552952343636822 -8.669057010744737
5.974029148495004 -4.692915939834355
7.114028672133777 -10.210994979372868
0.01095672554470184 -11.515721619827708
6.886847648296292 -7.61233950675273
0.09154816493589535 -8.053377830273176
5.166472479614601 -1.8503079837603797
5.545730394124515 -3.0802091461260663
6.688958453137604 -9.187067029812221
1.801382525839065 -8.790398432779105
8.515977561579104 -10.534170892459542
6.795086899691888 -9.902780198375593
7.043583725699842 -9.925452923300115
-2.473867210110739 -7.797507001568547
7.901062862054708 -9.381364509558304
7.606704833606705 -10.212936480062128
-1.342661643850708 -9.033553616873359
8.004472171673592 -9.65819506510331
-1.153158216144596 -8.061746349714575
-0.0752559125065001 -8.907566820062527
5.624936325243026 -5.415674070650922
5.97195023005996 -3.4215768133727043
6.629309536592569 -11.126157936460855
6.969094850136525 -9.95798737664246
8.289885741409194 -9.563598435670908
3.2777303775079085 -2.3179380454822933
5.905771875436069 -3.794386782890033
7.76686467891272 -8.472095370127597
4.002284357992768 -4.86425069977701
5.88858370030132 -2.1819181882068004
-0.8501439889264256 -9.01121563357301
6.2152278265812235 -1.7920098442528736
7.876959124766702 -9.340004479560022
-1.3234748607973357 -8.417503310084657
6.504560230231505 -8.423331499689139
-0.8993154830318223 -8.529201210489571
7.4546339727532125 -8.449782939833032
-0.5248854988249146 -9.839733573232662
5.698957385204715 -2.768628961375708
0.7835186020557068 -9.041990366343844
6.751685469132646 -10.530508178548493
4.311778527963117 -4.930670320725433
1.746963062862418 -7.217817216975095
4.913066469926536 -1.8982864468178788
4.633410547125993 -6.9652384560124325
6.247229070270212 -10.641021241732282
0.4684046228743026 -8.14993958309222
-1.4571399471708961 -7.506204466088148
5.075472320331771 -3.3490217358491656
6.084226127561844 -9.192115475294433
-2.4132580508354935 -9.733057095203575
6.523659524924185 -9.434368483970255
-1.2157283820444496 -9.211166458002731
7.965648096892172 -7.5277505707850105
5.4043549275664216 -3.129572226561044
-1.6005586960721607 -8.926917515029446
7.041749223119279 -2.829130828014305
9.209218896124137 -10.49979838582685
7.471201481127489 -8.01081304089648
7.106641224030907 -10.159247709849605
7.737138491218471 -7.48941199365668
-0.29577898970722283 -9.501795632086626
-2.591194254081249 -7.430578194041363
-0.5642189039470136 -8.868619144387663
5.100310671504405 -2.813006852887752
6.742812808384926 -9.060278004870563
0.33416369545816904 -9.720190068162198
4.69391378402289 -4.541910570250689
0.5075567981754376 -6.758459077641452
5.147126626024848 -4.5940015916299615
7.502141993702394 -10.271192662334117
0.18030077219179863 -8.981590176461268
-1.490111539492683 -10.70603661901364
5.07151047519289 -4.5719917521749025
5.529441914377818 -3.2997724832145434
6.026391209747326 -3.534346710932887
-0.9408519448819596 -7.261921450801669
7.869020455306049 -8.874491954618396
-0.7564062025266237 -10.520959792846881
4.756876134917732 -2.224487814163233
1.155281957170451 -8.355379602920515
-1.8985720939506228 -7.361200441572024
4.640101849393443 -2.0460999772589186
-1.0150552311571481 -10.48837571383287
6.694509078611696 -9.616230980856402
6.521242155054875 -3.478526639241356
8.013806890757984 -9.721782640742092
-1.308751398500318 -10.11503232137808
6.826103729684643 -9.915146103830155
7.739746828222257 -8.589438138448378
6.571138317055866 -8.168219809507963
8.270900284226382 -8.560849985559
5.998640992536663 -8.677298610549993
8.076224849979553 -10.126782178406607
4.861165996531657 -1.4956175722193878
-1.823200479207752 -9.68652482444407
4.733577947640613 -4.10380753327676
4.9232111696578595 -9.905974575426319
6.779727616871935 -3.222688196253069
7.939992354101746 -9.921918393342382
7.94705791221899 -11.244981014582269
5.38829702663557 -3.1560849700500464
8.00703121093973 -9.830795945843066
5.810662843181684 -2.4414892025693447
-0.45589694902064265 -8.588943742004986
4.396884361924935 -4.699795664074066
-1.9279848916679183 -9.893389286909013
-0.7970190785246187 -7.15658352364458
7.8178051968035405 -9.831840199554035
6.343815471234523 -9.555938048412019
-1.3039418072494753 -7.912459623118658
3.789477896779808 -2.5030128942344207
5.09979995598995 -4.507309123365564
6.072344240232394 -2.9619592313601095
6.140267628557341 -10.256083714418908
5.413062311391076 -4.135299661073835
5.830655318999049 -4.044621413347408
6.406235058830334 -7.570922007561966
4.122562082308686 -2.45461691952044
6.4603251251761105 -8.002885039209485
-0.6774153511170782 -7.9090482935259985
7.397611449490829 -10.961801148308307
9.375840561676002 -9.261150995743968
4.730162978462313 -1.5057263634474454
8.762317626347485 -8.200080688943425
6.407662006852716 -7.861040910972442
4.807173991145325 -3.7827830514162035
7.430068582129195 -8.574552559243259
-0.9570203479487941 -8.080083769123997
-0.5773229791026131 -9.094203040141341
5.919383794144171 -4.448311940302759
6.033552777950611 -1.075756806337608
5.192709203332352 -4.065195238346222
4.11611206594075 -2.021443635414525
-2.2416553352092934 -8.08247629001158
4.775696240891428 -3.986798398561576
7.545104679386236 -9.832444188069447
5.499391009523327 -4.202796249889644
6.9835545325101505 -3.331309343531041
-1.593652641223104 -9.834210007570396
3.244365444904952 -1.4101088339413714
6.069639372149445 -3.3387476101501803
6.553895820442822 -10.275327277172863
6.0615916868941655 -0.8543901193918884
6.696497998313376 -1.796899154003264
3.286678607376925 -3.8672474939782804
5.912123346708432 -10.027664760575249
6.7187499210340995 -2.43530817404486
6.747151573754135 -9.94031503862615
5.583651086913799 -10.884976907280455
5.280455757990272 -3.255540249633747
-2.9792376598546646 -9.716676487118653
5.038515665598416 -9.986504456619596
-0.3525255818926538 -8.07813591456657
4.1858076406982985 -3.31872030868379
-0.7583018954251801 -8.33032076633191
8.7165738475226 -8.626698344703621
5.740609706482989 -11.833293311188248
5.424733356839356 -9.804769044787374
4.376951250175566 -3.3560648455861566
6.711144994209845 -1.6910053888504442
4.2909786256727065 -5.867162648307085
4.620766421100992 -3.8757023120783374
5.446905856980279 -0.9257703440990985
0.8566417314111907 -7.098022641812429
1.433726070539349 -8.705550817480002
7.629164405818112 -11.32699326648951
-2.009085210792846 -7.72330044062876
-2.67154387130483 -8.987949981185018
5.512358286576545 -8.487552812368072
5.761937630680354 -3.1223158331037792
-0.7848196486074808 -8.30937371540175
8.895198091448 -9.314369981916604
-2.3385222672223693 -9.24139692542984
7.888377362326949 -8.68111570514228
-0.24895934464069802 -7.04653395228283
-3.213620692705604 -7.086145894158295
-0.12588806871675284 -7.008944997105107
7.577899628768144 -10.965749108238189
-0.9103803784486793 -8.94052698212445
-0.7392849978559056 -8.63298147954313
8.046105404715805 -9.187292863278625
6.315356152661429 -10.198033145120128
-2.3759985504495713 -9.190513186478945
7.10305013405671 -9.936171012642887
-0.2769548092667131 -8.590338727132837
-1.9562693712792634 -8.51865248285632
-1.5169690226247345 -10.12949248592627
8.748326330330274 -7.858983406214942
4.696628005712122 -4.090640801223456
5.825226102066956 -2.9487719250224615
-1.5386457904775153 -7.25633656651584
-1.0616393623505365 -10.07271891035871
5.643954350343568 -3.7385737881986407
1.1403227877134787 -9.25270486479383
0.25082208322069843 -10.755487445301535
5.556945849197193 -2.826316283190657
6.051805062321072 -2.855848677848627
-0.2076833310409536 -10.501095941177011
8.01982799667277 -9.872639750388247
6.990440131317752 -8.778284209283813
0.4524270193222333 -9.094615410590889
-1.5618177689577322 -9.103407495470233
-0.3086893051998656 -7.631297465326887
7.005237430516318 -9.724203855979649
6.950002791801871 -8.538392052830902
7.225485669496992 -3.3965910901846486
4.404360020632028 -3.8987361680793597
8.667821004060471 -8.310474135191335
4.11633566084482 -3.3944829984152
5.569677439242533 -3.79668160025712
3.769929507995992 -1.1776250077965678
-0.7322785908112177 -8.792833109554737
6.176419816335401 -9.867615379699005
0.4399207498346551 -10.93568355351373
6.267559329692851 -10.766815866863674
-2.1764170875719473 -10.386021935179945
6.070034260806172 -2.7090514912518633
5.5808729397954595 -9.483556474304699
-2.9111585421622492 -9.466114659922965
1.5645812391283194 -8.060077961261694
6.492736720162367 -9.79394507368366
7.646569548541508 -9.503896161325066
7.274880585203426 -10.63577247499652
0.12258820746797294 -9.768784902366532
-1.7175902511792889 -8.726128697876664
-1.3719842156412114 -10.718319891162828
7.112611887830187 -3.962675682019104
4.867919783649596 -3.132487912858034
-0.29748753073341694 -8.817821950259058
4.926544036799517 -3.698832959181551
7.8278846198320124 -9.756618386258275
7.141671475446242 -10.777572222103252
-1.67511262652773 -8.313727302131358
7.4558225967243414 -8.512636788525809
-0.576789890006481 -8.816805957060685
-1.494602900120828 -10.108405996092355
1.7898021185274673 -8.40151910590948
7.059670800992859 -8.325793677001466
-2.1248085136693273 -10.625890422848357
7.40581159201385 -10.172238378686856
5.31303757797413 -2.5484648165771757
8.694463720409072 -10.52599319221406
6.076103564171559 -9.836013797781145
8.23260158964699 -10.728587346551658
6.3169493038503175 -2.8161726907411753
6.652357651824572 -4.130640007399002
5.691805774752932 -8.837279693128691
5.51372983303739 -3.8502449744975595
5.250648708203166 -3.8360694838651543
7.551111284610556 -7.973158286277506
3.6599875844295804 -2.434757966763021
-1.533165887429944 -9.159169472845331
7.605288725701091 -8.553325329787874
-0.12758408135390087 -8.332472451388
5.160065290708896 -9.660546327583683
7.607795868585255 -10.325986405173726
-1.6104840583871711 -9.858994622229956
6.144855159275778 -9.941426922656474
8.450342723953673 -9.023379978661174
-1.5372594398303958 -9.76769381588233
-0.9581992453143425 -9.339857852473907
7.45357092225347 -10.802833289119937
-0.39883949770315474 -8.133888473610856
7.1395213035069505 -9.713868248803518
-0.4045560137993974 -7.349323397561626
4.87230825172099 -3.6165237553163556
4.709528039924731 -9.238356175649667
-1.5877015992215382 -8.801052564703772
0.026265334328330225 -9.196076768494203
-0.7694352593324403 -9.39256690822251
-1.355139587242241 -9.533247638613355
5.904372114133785 -3.29992565644365
-2.605167826201896 -7.5376201066037005
5.472632816388506 -4.053862378190836
-1.7578250144566128 -8.267011643610925
-1.3108109046367957 -9.165026681209708
8.080068271633406 -9.508652379657338
0.5720874011497168 -7.910723402559273
-1.3204939990135078 -9.481911137440127
-0.8396405526979408 -6.685618514972388
6.376953906947943 -5.090698835594896
4.435041089323041 -3.791163902729066
8.4280714287814 -8.570305325826267
6.993565686465863 -4.713074960364618
-1.9389476173695006 -8.077394959167533
-0.645591099367431 -9.669827456762594
7.0144735797340845 -8.5481693153353
3.9485407314020757 -3.8664137945282473
7.450766127829319 -9.413757293898671
-1.0678690191822013 -9.014570001299091
5.407926093347048 -2.8148216347488924
-1.5680103667715417 -7.251374150677995
5.3967224092801 -3.8859233466855088
0.10613327145452756 -8.465177833325527
7.305725339992597 -10.123828215476966
0.3084648666235854 -8.491948169506086
2.28780694981367 -3.2835571934848877
5.773332324593555 -9.769621441455564
4.126126675838039 -2.9397210976131354
2.5597896596121013 -4.425834829369244
5.924858925335295 -1.784104675744378
6.838128067842714 -2.8795221949426324
5.194220230248579 -4.853489113293236
8.227499357644284 -11.17126603368172
0.40804021655212375 -9.762063181773176
4.807551224335837 -3.9983234406425394
-3.110393301776459 -9.65126698135754
6.686989415742435 -8.44068555879334
6.453679680884017 -9.266524390780658
0.3065425226894174 -8.364166119212419
6.817790756981559 -1.405800639832985
4.808959128597119 -2.6843689980846044
-1.8875026243515967 -9.364693381246509
6.798116490352458 -4.4275025487905655
-0.8199874213089168 -10.353935815137064
-1.3544616953995636 -9.418261753614171
-1.0547887316962679 -9.48831693228429
-0.7725502977489596 -8.522343008074944
5.200106116629875 -3.3130649636815437
6.781129023967181 -9.142671980951576
5.122168655347486 -1.3076007236445422
-1.9132754888922345 -8.537956883117683
-0.3654669308853272 -9.593475100028222
6.855669119255861 -10.171129636799611
-0.9847499107777617 -9.910405041042985
-1.6407529038767616 -8.44559007516739
-1.3226556377618075 -9.220543327395157
-1.75186381736067 -8.092580504247588
5.936794027829618 -2.8900955581167853
5.518718488470155 -10.794742073871257
5.022729213932144 -2.7446969177311544
6.430527358166102 -8.952384447491385
-0.7954156014710496 -8.568115852429706
6.30736930245426 -4.517712937682999
-0.48776080294683977 -7.634066481677131
5.3866184613750425 -3.315956720893706
-0.9076312676633035 -10.316557641688183
9.481608080226664 -9.121316088963564
-3.828060996140599 -8.784863430603076
8.127165184018299 -9.168960513808548
6.5173211764408 -9.714460301285001
0.3124138130910854 -10.42050049283241
5.640362970007693 -3.3640713766693615
6.412110400595316 -4.807872986705258
7.110636691962466 -10.381097594023153
5.908515392418696 -2.017017331020195
-0.44961489451034836 -8.762206100307191
3.883751781035092 -2.6754743925770943
7.878672547222536 -9.647649853478528
0.6548689491886974 -8.631778047840495
-0.5963992627300667 -10.275480002460228
6.1725923429751415 -3.4462418777305643
7.8586103394695 -9.885602358221677
4.151597690273191 -2.891012058987062
-1.7713836513930796 -6.74419093542125
-0.5174872272699267 -8.39349982554073
-1.1111524208172385 -8.492539592998215
7.654524292343963 -9.226877746303376
-0.23689557983485443 -8.188375745481373
5.15392754409221 -3.054179168022679
-0.043951365279836674 -10.228080144857529
6.630853472836294 -2.4397616607659156
0.40345241301832035 -8.478509349359484
2.3258081180724046 -3.7530536465488975
-2.5079679573768585 -9.718703631621965
5.358043461037841 -2.248050405727006
0.43448296278869525 -8.846575932779581
5.0020317574071385 -9.174053205136802
5.9795490450316375 -2.6000092099567693
7.178271112030005 -10.59571440342835
5.615818530243491 -2.515538928481506
5.78393226287135 -3.369666557419414
6.649545451327137 -10.034088826446789
3.1944479615601957 -2.767923592372007
-0.8913728536891079 -7.137492543877047
7.109169544503277 -10.245228432855548
-2.4318602237720883 -8.997679883791776
8.235108874486473 -10.52650405445215
7.931676506206577 -4.285784900778616
5.56974229553372 -2.638302730358735
6.411378127815817 -4.065905769887487
-2.158896526656769 -9.718815625460238
7.160183059117271 -8.979196264967385
6.090439649115567 -10.141730357706559
7.306370515889789 -10.06772795755894
0.728507437898894 -7.813550208287998
3.2516089066916765 -1.5917430823457013
5.7957771475046105 -2.71820499278233
-1.6057908489425605 -8.123325637264971
7.847740262840236 -7.802682370585695
6.6637284718422105 -2.7971692928921743
6.553872857412633 -9.539382343512116
4.395222690845144 -1.2613377194451156
7.413791660126726 -10.337885885768321
7.361743848954215 -2.697475599466044
7.283297797119704 -10.17027446802276
6.670033913776338 -9.342499958393434
-1.5881913711583295 -10.384385045420025
6.281793013287611 -8.517945363090464
0.8399648177932224 -9.59340621903551
-2.6261908786305606 -9.339153618728812
-0.19477428121717044 -9.340914443230416
-1.8814106538026987 -8.15310158115643
6.042095153179324 -10.802323287870786
6.814801139888039 -8.433819450846709
9.071761404709639 -9.057906380020336
-0.9127948578268924 -9.061184279394421
-0.7379770412728263 -9.207907154904152
7.000200729043085 -8.384371577918131
7.519443120535242 -9.581939414469373
6.987871237918635 -9.70462342303669
7.6731652492222135 -9.737878649624873
-0.2905019374962766 -10.062800078714474
2.151164907013252 -10.646734180028622
3.4747140368810907 -4.533136976144254
7.708004846235722 -8.010541433106793
4.864893517750828 -2.090245511356338
-0.36520533372160935 -9.388985581125807
6.502706118637617 -10.66186435623045
7.217903995574203 -8.421118023013396
0.8565658252625832 -9.319898932237656
-0.4163051738234341 -11.433144179952155
-2.365490097607381 -9.31178394863917
5.3974317428526195 -4.933952616806421
-1.0867736992253325 -7.348638242542693
-0.9015909172149634 -9.504440846157287
-0.2952330596334055 -8.114080821560554
7.273961233208236 -10.571968782749328
6.923963726659204 -3.3242932647134205
5.431535015358043 -3.054514060152082
5.166907379664315 -3.538577840991678
-0.787984496333118 -9.432955353012126
6.547930344693201 -2.489291504096094
7.609308641702083 -9.76697539497482
7.203174281748995 -7.949636234489112
-0.3827782978622807 -7.932263709918051
-0.9340445046646679 -10.10645837368753
-1.8282829825147102 -9.894980558065942
-0.18831995868096107 -9.636728563406969
6.724860109110805 -2.200980003503393
-2.0209943459020576 -8.942264327508548
-0.9622645926983106 -8.676525775091894
-0.30787351127688656 -10.200398435118341
6.7326379771122955 -2.4547225990370194
5.742348756968518 -8.792857037627192
4.2801618883449555 -1.6090840124639496
-0.4425501911871332 -8.483029104405794
-1.31988743794411 -9.884575295223819
-0.9353461527493749 -9.251375036061548
-0.8335437202556675 -8.889869172375656
-0.5088757106713642 -8.006444938386888
8.61919651411853 -8.601851379788744
4.825470553649776 -1.1698760069816627
7.724937393428334 -8.761846643976087
6.936108599900777 -2.265335793312258
8.628852251361021 -10.218567610557393
6.668115846751004 -9.239583849871922
5.460761748918777 -9.57355284752793
-1.9401658061834677 -7.460167787299479
8.78140394474055 -8.087233524479531
5.219638218135451 -3.901790240167092
4.687993773247991 -2.9806898236189463
8.044889281402098 -9.955202302059151
7.1055071877239255 -10.21696823587527
5.876840081711926 -9.363224666307437
-1.5505611619993593 -8.563554134279915
5.515503924100113 -2.204179802230665
8.598964792597094 -9.788225255444537
-1.215743985077372 -9.125720922929503
6.812942646565358 -9.434583971065292
5.232843818808775 -3.469845400051586
5.429802437579846 -3.86679902894946
-0.7663711501862688 -7.87402967813359
6.096135956226795 -4.1536199816356225
-1.8350520573427094 -9.50736455418781
5.947795679538902 -8.941351285325116
-1.1980215291883989 -10.662267450512383
6.744550589740446 -9.11168434424856
7.714429921562995 -7.683671730011701
4.558995437432455 -3.54489710675896
-2.204519142555051 -10.7984176905298
5.220676159234643 -3.4446564978255
6.964477847557504 -10.20785931728326
5.300183705446001 -3.658710217112597
8.846161716210254 -9.896021629074113
6.0581128533477235 -9.070085068620404
5.772755658116749 -3.241669343850304
2.867848382236844 -2.1370597747008606
6.182309555323014 -2.816299303203115
-1.6357481914309249 -9.221581548470812
4.604371445377232 -2.7936702616312084
6.413993607526571 -3.702090368830439
-0.011575291257574727 -8.274361874907855
-0.9084825424067985 -8.255914641992693
5.139643501913642 -2.917792482569303
3.6601306417838604 -3.080502725203811
0.9345751109026292 -7.883427517782652
4.239769883617905 -2.780251331161544
-0.6802033391111801 -7.701344554925443
6.602966879841398 -4.205299023646178
6.605298482013916 -7.966623056396976
0.10901925284942116 -8.522578573840413
-1.0805714632370367 -8.16169103040519
0.2543012079117437 -11.012160988906727
-1.6067513245873344 -8.236791038609956
3.2103006889413277 -4.063678835036958
6.579903869969516 -1.8718729249453945
4.9264758319333195 -4.909911430605626
-0.3115474185622181 -8.194494366141097
5.975679313631859 -4.434171918683945
-0.6566450582387067 -9.51036515547342
5.99750328761994 -11.20619874308466
-2.7994393001100946 -7.874931777238487
-0.9970909648157107 -9.686902052360498
7.691042755607154 -8.873823602088986
5.849458326315981 -11.076555075652921
6.530327118994528 -9.614417560178952
7.5310960917204905 -4.156711905219371
-1.578405879278971 -8.17891370136896
7.963598496083313 -9.494666074187249
7.408404598490915 -8.709094794753854
4.3295381759477065 -2.2766593257409395
5.024616319851727 -2.2614246737135244
4.033510956558236 -2.499422594169735
0.5988083594487321 -9.746521699166124
5.580032340365842 -9.324379740423673
4.184463088129407 -3.4509490331097
6.083840170131867 -10.828363491483824
7.849711672973152 -10.696837521402925
-0.3730942335782783 -7.531061736029932
6.680177295655768 -8.392835508932134
4.507762803643528 -2.968727193321265
-0.8040027718852149 -8.757985804160867
5.782426812202337 -2.91614698223138
7.123502879078898 -10.998745404071906
8.264881071907105 -8.618385552889048
6.342395630817169 -9.981687354748649
5.234397693612403 -2.308372319607633
6.024507309047466 -10.645480001979182
5.4545133490421 -8.98019071851713
5.755551150059007 -3.330733051285267
6.442218346976009 -10.33345670548599
5.45044251906714 -3.5279814821707762
-0.2382324036885608 -9.04054520313025
7.854655628149848 -11.186765185749868
6.236129839468467 -4.80459636177593
-0.7052642071948815 -8.269147352402626
6.343125471027679 -3.7141602430421563
7.174409974520147 -2.858262557890593
0.32501071211983334 -8.847232470031708
0.3600915412813035 -8.772163576737979
8.300762859560303 -8.063564061110032
7.119011928165419 -2.495825774742637
4.8597065906911325 -2.7150826259060117
7.90858807271945 -10.130087291326603
0.3463472221674939 -9.817544757978201
6.959936830199212 -9.987651867479213
6.90856665359208 -2.788627310850695
6.285123216485508 -3.18888995841883
5.68876826129613 -4.087784366181651
-1.152824858241259 -10.654013492707254
4.38971393150731 -5.940878851878422
-0.38941809332323174 -10.102909796004251
-0.5939465490558796 -9.394021244309704
4.417428428715427 -2.308313685122041
4.196689335721279 -2.712925856526988
5.130869141670043 -4.494349322233071
5.725595016211785 -1.6145210265853682
6.8623760799775315 -3.428690300324334
-1.3982289995356254 -8.963397376292468
6.867339760234926 -10.923384723251512
4.660219527636738 -3.287538417946149
1.4455734783644614 -7.3012527912841865
-0.08171006355907173 -9.962944513609404
4.32461347093264 -3.9652043489099413
-1.812950400821522 -8.709700410978423
6.917326554492054 -8.030754588603912
6.2638011296132285 -10.171363865164398
7.915138733978449 -9.507392787122667
0.10013947448472005 -7.304212505044328
-1.8740767008423278 -9.99018701363334
5.342071922045448 -3.244503524912206
-1.9556832822941679 -8.859843663661344
7.914083092631204 -9.123037528267563
5.199071168660207 -4.220164219574179
7.023256406189357 -2.0575126008413576
7.534834082972019 -8.38957116308234
6.129669727211153 -9.659762606891508
-1.1950030274973837 -7.353584527068738
-0.7109331857586038 -7.895403337385703
5.832191044016889 -4.133823000929153
5.164452387292406 -0.7015164835267158
1.121179919579597 -10.059104873147986
3.5734893860337618 -1.542729135833925
7.246444062073939 -9.413093123786355
6.148683330900721 -8.674032634542094
6.436924974561444 -3.3239511323104813
4.694738532215033 -2.893703030516878
7.484317299428108 -1.9131032304704454
4.946179075599059 -3.7076533779165035
8.095880352393745 -9.757200702410772
7.199707226288354 -3.504512926409224
8.098099438610172 -10.22877976145347
6.967896978724152 -2.937354253159659
-1.817546598980572 -8.88101428112919
6.272285987090019 -3.8566240753935457
7.640960876922746 -10.145423624821795
-0.5962760908783817 -8.738273992738705
6.440538583337076 -11.6373622342512
-0.8610614904102909 -9.225080830938925
-0.3961756204360334 -7.3450596897485765
6.193553275124775 -8.0332506401194
5.38617532893281 -1.7257514222334047
7.1600747352728416 -9.227625468844638
6.904768727212408 -9.415982714848301
6.470288319305815 -9.364090627497385
7.928970964426425 -9.820934882802804
5.5880463009282915 -10.503657305654924
7.072294775532467 -10.15053045520833
6.188230228203922 -9.71157139875341
6.915666575221093 -10.315282681806702
5.314583223448451 -2.224437741052148
6.188865228574407 -10.095039792646965
-0.10511934741980644 -9.799995428031924
5.664913489616957 -3.8145767762380576
-0.7152503475544408 -9.778940863089565
-1.562300884314852 -9.144367084491002
5.795897497753926 -4.144314519640939
7.31138578187317 -2.9734770777944104
6.821802659344649 -7.363850050030009
5.468463135359763 -7.789348662374168
-1.2984119948176491 -8.638020471976978
-1.5638940191467863 -9.947207556932703
4.989093533169868 -3.519406068464138
5.009421334509545 -3.4859572309422515
6.856016607343881 -9.746304974576491
7.788525364725505 -8.476126122198082
5.770638591379356 -7.49647316657475
6.294036309346921 -4.660597842920994
6.341637184321171 -9.498365761387621
-2.5324665245475075 -8.829267665205684
-2.29755002993487 -7.96901337807817
7.46209488891988 -2.869572898410068
4.241894898263897 -3.126101406589977
6.13344699209757 -9.061999692835078
5.1405029278541825 -11.325655624039609
6.591003374725655 -10.6133782712884
-0.9611555358590943 -11.83579918488422
7.477369373820859 -9.720545082263518
7.531287446026965 -8.95965079367171
4.2621150046181775 -1.967269408978665
7.54146576489598 -10.809868817056016
6.017388906191202 -10.587034542711546
0.6036701525332913 -9.986138814108696
6.331057604912252 -9.455933918563577
-1.4878443529217416 -7.492508626032495
-0.9538571788843956 -8.974416763524978
-0.652352130358426 -10.09030847565657
4.681623084462592 -3.3031347709648644
-0.6897893351834414 -7.903545971385803
7.969590289024982 -9.306885775066775
8.42115573568981 -8.84177175600856
8.002718000654259 -9.763903178816207
-0.3324146273918127 -9.454515478221285
-1.0132203202454388 -9.125374275986664
7.659341487719816 -3.0077898072528093
5.421831953866107 -3.559290521020791
6.056405294270724 -3.6813713536673203
2.975982674194328 -2.881695057059626
8.020885648435256 -3.55117151983365
-0.476571096726181 -8.478117380154362
5.4098015577807335 -3.4144466668743565
5.545152856738197 -10.80670743423783
0.4025144808903969 -8.239484356047619
5.938388794921718 -10.136848178785442
8.124632917914166 -6.802590695274313
7.956435904568049 -9.015903148888931
4.513319770907566 -3.2808496876554303
7.071875349406264 -10.065906832452509
5.120079371930979 -10.292737599710687
5.035140909532034 -3.845275442880695
8.054846113814527 -9.051335424047744
5.899371659789641 -10.768925515770169
5.9911109458008465 -8.79799691914091
4.175755221861109 -3.280667431618791
-0.746808778238112 -7.599292213460699
-1.2210166547945356 -7.9818085700364305
6.179697377226651 -2.5986512801690607
6.245527727277897 -2.02492612153684
-0.7020950157572077 -9.940120893981813
-0.6934681720581324 -9.018912503539068
-2.2446947112655278 -10.27176609065926
6.438773418411866 -8.906663965610184
2.2963772084577156 -8.813736930279548
7.808447146986377 -10.531601423920097
0.3716271636332562 -9.075659777101864
-1.9806665923577405 -8.049931627166576
-1.1414587129541767 -7.501445362793348
4.808894828028802 -3.1770026527488144
6.753398886621832 -3.2793530608902715
-1.4449036263278259 -10.505744086985631
6.5628573200829825 -11.681572315312238
-3.0017240346369674 -8.185834043162133
5.036232516814294 -2.81631596373954
0.3177446645667188 -9.08340486626219
6.735054269113067 -8.481384839637174
-1.405215809836658 -9.68053374532783
6.561340765222233 -2.304033070629485
-1.3422118157399137 -11.073771156569341
6.544857003816112 -2.318938332257296
0.5790460210462054 -7.814772659995082
7.645307699459188 -9.679438336087063
5.602477212229557 -9.957702447288266
6.69836594020407 -10.00023354543174
5.493931098950052 -9.385425294023579
6.133670761319549 -3.9013774167741357
7.959597912470306 -9.428915643064915
7.858438767270105 -8.613425611538025
6.471336164219512 -8.388454658103734
6.451880697442408 -4.230541413913189
6.917306681531193 -9.983733477746101
7.796511176533821 -11.699464030118488
-2.868224052786239 -9.826160872098008
-1.059262005490705 -9.59893885972466
-0.8058026140343634 -9.555893114454099
-1.5009703917629955 -7.776145166239347
6.792777371798667 -1.5981567249902984
7.239559764870456 -3.8827644812593656
4.9543334470180405 -9.833861772463804
-0.9505140429759612 -8.772267710772818
4.068170993372837 -3.2554927815780412
0.2636635055111105 -9.283419906685893
-0.6730856044527054 -10.852603892772473
5.617651650014791 -3.138911060595305
4.756215054984385 -3.2555599654996143
5.525690560809701 -4.729030976135802
-3.14145504186057 -8.970763515476207
7.0854472771673125 -3.216393213973325
4.979348492848043 -10.1779850657858
6.94555284459875 -3.697386798264656
-0.28486222264283123 -8.75392435394027
6.88426872778637 -9.19313501427282
0.04463683752096104 -7.881280294823061
5.734373472447618 -9.54318085856376
-2.100164803049237 -9.121140305643774
7.026252737808443 -9.627354462408807
-0.771995665942005 -8.715030497468309
0.44855495705740966 -9.22640974217758
6.257472886443743 -8.75272771921818
-1.1440212297975336 -7.406270485187425
5.606101138119296 -7.963452836710167
6.140410172857072 -1.8006591219058947
-0.9985868341552195 -10.961603637929983
5.33715122956856 -2.617000479687399
-2.3638614358954406 -8.661204097978692
6.683163930728896 -9.097187389088418
5.160465358612052 -4.236873526853563
5.3903766696327295 -2.672046447497101
-1.0073867569672081 -10.533373317263202
7.388639249297067 -10.343842662439725
-0.46998809451530027 -7.067111709500859
6.118843383646107 -10.91725553928159
7.303488591998883 -8.43282990661342
0.01634682846523927 -8.7552754950278
-1.9401758676270202 -8.493455539956521
0.7929140186092529 -9.528415967716565
6.606493597411831 -7.598565888565526
8.677693049731735 -9.705556674935316
6.984667229266929 -10.202909528064483
-0.09070867642395375 -9.558411103301884
3.8828923376811795 -4.14363551178087
3.887836137338189 -3.1076024438937093
7.521611750542659 -7.976610769586235
-0.13326633555432643 -10.979477354080933
-0.581951749900455 -10.04179709781784
0.10026075669277368 -8.052916617810425
-0.6974590983085437 -7.844754210019146
5.081322242049712 -3.0740178975863106
-2.707631823113285 -10.119925765388047
-0.7743242604266767 -8.966581100397908
7.417359955786891 -10.228149568857178
3.341548613841222 -1.2221081842369277
6.418760302329455 -8.176056609768706
6.306269308851048 -3.4397747938358836
4.795309974930838 -1.5351781670079279
5.773680175299128 -4.861409908905809
-0.7176094447659301 -9.076956717824089
-2.2633916273415644 -9.257993654587846
6.288231025372678 -2.858952065496402
6.828865744728138 -10.27634571043808
5.785146063540565 -3.1949924871880464
6.977268034654863 -10.622055219647288
5.254496110633289 -3.5436130212888304
5.635143123397864 -2.165487856066969
1.427374602616998 -10.085966656534362
8.147294942713545 -8.582742251516205
-1.0289654047958834 -11.479318636701068
4.645276153717767 -4.693378856461993
-1.3669198233711193 -9.600991533269594
5.585216245940945 -9.413132161982572
5.48609430630735 -3.602006164206049
6.921938878857526 -9.963389295640654
5.353943704217174 -2.503183179694861
5.607517240334194 -3.829018126199527
5.555009354779984 -2.8818989620833713
6.481204283668846 -10.436039669687265
5.725006891527139 -8.360098443180869
7.101555621649017 -9.202167767697864
4.295731049754639 -2.8742142251383362
6.840025939095746 -10.434537893346759
3.239634204687442 -2.01557273355796
8.597842103836257 -10.91991532448899
5.714819115310276 -2.5317379479567084
5.157699486806719 -1.3485265767488706
7.311043610800364 -10.84674036146018
6.128673988960999 -1.2285879699438378
5.497603892783539 -3.3921781029070672
7.784335534597718 -10.483114051177832
6.15906397871839 -2.5854734094967364
-1.6894034403502989 -7.961332643436529
6.901977860180845 -2.8127149679606234
6.01061521952924 -4.879652056785327
-2.145742694376339 -10.77251229088334
-0.7095170220704216 -8.987685857788318
5.476540597110397 -2.364712883608073
6.779897982357111 -11.2024285655419
0.04227675557220678 -8.82692427559003
-0.29273657132932196 -9.280223241360469
5.722946271497655 -4.2694299938135725
0.5648111939899705 -10.078145489076437
9.443035324888974 -7.941165975018348
0.8546018840314418 -5.296843817129629
4.4791758896492 -1.9803434860031426
3.711518479467211 -3.028172010146012
5.923454606983419 -4.725325841678702
7.028879491494281 -9.279104426969553
6.205274282681335 -8.784133351713058
0.22752914073106 -8.937846489984626
5.4709041299185435 -4.606127768326417
6.040291997460002 -3.0819596890555645
0.12067914915707512 -8.489440160308126
5.0895979520940235 -2.7781812889619015
5.244314993775499 -3.31805934884832
-0.2510305070242146 -8.554837651004561
3.6323052660266617 -1.4535612218398397
6.762251923836069 -12.012284831335538
4.9904328620965925 -3.6066308737580655
4.069172982018728 -1.639513506051624
7.9186425787788925 -9.5695747842734
7.726180026005086 -9.354539052656435
5.52263271207371 -9.184978127379475
0.03390461805610934 -9.258203486512746
5.319458714655721 -2.3177150910005695
4.817185881219701 -3.553845319727153
-2.4993545341586954 -9.931238439952768
6.517805251698098 -10.86185859167377
4.808174415831787 -9.254414528619145
6.672483595559016 -8.597858794799079
5.666398604168888 -3.640175925633375
5.111942669878614 -3.418503653187501
2.638587671912098 -3.1211643492078776
6.603560499625031 -10.019665583649976
3.9511517612065727 -3.7325341542228703
-1.012648351784549 -8.452427554588512
4.466349598761499 -2.2709173830814704
8.976385498331172 -8.649820418047772
5.7872557255374515 -9.337914603748343
