-117 174
-122 -67
364 226
150 13
325 -443
389 184
-229 -302
275 -441
-442 -335
137 352
344 -475
-98 143
-33 -310
-489 -372
342 349
132 328
56 299
88 112
-415 7
-327 305
-25 -400
352 -258
368 -56
462 339
184 -294
229 -151
-49 -121
20 -33
-370 347
124 101
14 22
-433 139
-40 363
394 391
467 -321
-466 49
368 332
-276 -176
-402 -374
-50 -273
372 98
4 24
395 298
-180 -455
375 125
328 -179
21 233
-418 244
-293 400
-106 46
-167 -220
-370 -476
162 -204
-398 102
272 317
117 473
412 -310
412 221
-123 27
198 209
-308 -368
329 190
-478 -257
-319 145
191 474
59 203
110 -40
28 70
-108 -400
471 -284
178 -131
91 173
331 -147
-138 432
-321 -72
-364 -346
-38 231
-348 -357
161 -407
-9 -88
360 -377
208 279
-41 -111
52 -225
-386 414
-37 50
272 -308
-373 -391
324 331
400 -439
181 455
-392 -91
46 419
-323 -222
222 -49
412 424
342 287
-54 -199
-240 312
-269 -113
-450 -487
-369 442
448 304
420 -168
-315 -309
327 138
463 -463
312 -287
-489 -135
-337 433
-437 -23
-168 -81
-78 -78
329 -27
435 -53
3 374
-339 -28
308 -396
-68 -357
-210 -133
-111 116
276 -421
142 -410
-483 -36
-39 -77
-12 -411
424 299
486 238
-142 167
401 -116
-221 130
-171 357
153 183
-291 430
413 211
49 -48
-54 173
-23 355
206 -143
14 268
455 168
478 0
59 -36
-250 -320
198 341
468 -172
-348 -67
333 -394
269 -173
-430 5
316 -305
-275 435
60 306
383 426
19 -289
-473 -191
-317 -246
-142 -347
-393 67
351 494
-104 299
-298 -441
-361 289
-341 388
-160 320
-160 45
-66 81
-443 460
-29 133
29 -495
-128 -462
-2 -54
-156 147
-499 -63
-444 85
-260 -449
-77 271
247 271
64 -460
-397 254
-54 -121
-455 127
-319 199
-273 177
-381 101
-24 389
57 -395
-34 438
-212 486
-360 -488
48 -433
-143 -56
-278 -388
230 91
-335 359
288 -322
182 -26
144 488
-93 390
-254 -204
-61 -18
-339 -275
-162 150
16 -22
-356 490
-471 434
331 -6
302 -86
-430 -21
15 222
-243 -130
104 175
246 -269
-389 433
229 -254
370 -278
245 450
-255 316
489 -493
102 364
-455 -277
-471 -218
120 -88
213 29
178 -135
98 34
-318 454
-115 -465
-290 342
-160 170
-438 75
375 -19
264 -324
190 95
423 244
-182 368
0 -460
-471 94
243 -393
-440 169
52 -3
-474 180
-34 54
-353 345
-356 -489
-489 316
-299 191
-327 259
-197 375
318 -74
-98 199
465 300
-478 362
336 -468
-335 -161
-267 348
-248 382
480 -479
495 399
150 -247
-457 -476
-279 82
-219 -232
-11 -55
-376 238
-62 418
-69 -473
-444 -483
-64 -252
-391 -171
423 328
-368 275
-379 -120
-45 492
140 130
207 -16
42 28
477 427
-287 360
-490 489
154 206
-20 -474
285 -4
-190 -313
-460 147
491 -211
-117 362
-450 -192
-30 -218
193 -423
364 165
74 -330
-94 326
-23 450
165 -29
497 -217
-254 -483
460 383
420 218
244 161
218 -98
-357 -121
-132 -499
273 -366
160 -262
0 67
-332 34
342 -388
-84 151
182 49
-118 233
-336 -42
222 272
139 335
-367 477
-56 1
-173 317
-337 -337
98 -380
-236 134
117 252
434 179
342 377
241 96
440 -109
165 -303
-165 115
228 -277
69 -176
-414 313
158 -431
-14 -37
456 -400
-212 -133
147 191
163 274
-258 326
469 300
87 -217
360 265
164 -264
-458 59
-61 -344
-260 -307
-269 -421
-36 -252
485 -443
-312 -50
220 -305
-99 -423
116 -75
-248 -17
-216 180
-81 -354
-467 -106
-139 69
-499 307
422 302
-112 -445
113 173
22 60
-45 391
10 213
-107 -192
4 -347
133 34
-441 60
-147 -418
-497 -59
312 102
-396 351
-41 -247
-70 9
46 -317
268 270
-415 195
132 -169
-75 -463
170 -11
-394 97
-340 257
-36 458
-40 69
-282 -276
-327 -395
277 -349
284 -353
141 201
-416 327
-366 403
284 -123
105 344
227 438
-396 491
-290 411
-341 246
-169 -425
85 -83
-242 -280
-336 122
-305 -442
325 -135
-192 -29
-89 136
315 -219
448 492
-202 -239
405 226
127 350
342 -419
-386 62
-154 -487
-254 297
-405 -16
-383 -327
-195 220
454 191
-228 175
269 -115
-57 229
310 -145
-36 151
234 -447
-324 -26
-414 -80
138 72
-119 -302
349 213
-435 364
71 -226
-30 -335
257 -84
-7 -306
370 334
118 31
108 -307
-118 421
-497 304
-117 122
-162 252
466 442
-268 23
154 498
221 499
-114 -47
-5 -255
-374 450
-396 -426
69 387
-40 -126
168 -129
-61 -177
-456 -201
-85 -463
-243 107
389 328
131 -351
-270 -378
269 364
135 -318
-297 93
97 81
440 340
-139 395
-365 -352
37 -117
362 345
-244 -196
475 200
-73 291
318 -309
-135 -329
264 467
-100 128
203 -44
-310 377
-405 169
293 426
207 -129
-395 -148
-291 134
-498 -461
-48 -433
-367 -334
-253 -243
349 349
-373 187
-371 -140
124 340
-100 469
-154 60
-165 -435
-471 -212
96 390
-301 257
-66 -254
-45 -86
488 -96
389 -310
18 135
-434 -115
267 -474
-462 31
-470 261
-106 2
31 412
113 -250
230 -497
283 -416
-273 -153
-48 407
63 -495
-154 425
61 -375
27 382
64 -122
18 458
69 330
240 -430
-247 419
298 -18
408 -355
-81 -64
-372 57
-308 297
-258 406
-410 -20
-447 24
-25 37
-143 361
-70 60
-2 -210
-251 -421
-37 466
493 390
488 154
325 -167
39 -247
80 141
57 -469
-129 -228
240 355
-498 -262
129 -435
-309 -130
477 -103
-415 -47
-467 -139
327 249
206 437
-309 -419
-467 439
274 415
-315 -478
190 -436
-98 206
296 -192
-478 305
-298 366
-20 -122
-316 144
70 -293
484 114
-174 -262
-302 500
-317 -500
153 -380
358 67
116 -80
-332 -378
-283 377
238 -114
-123 -357
490 -470
500 -423
206 457
-316 -259
-414 32
281 368
-236 -62
-405 124
423 -111
429 -496
-320 -70
39 172
215 -30
-18 -342
-316 200
365 205
367 51
93 316
392 51
-28 245
-217 -424
167 93
-323 431
123 37
-190 -43
88 -129
331 429
-457 -276
180 -17
-113 -95
269 -161
198 138
-480 120
-386 -420
492 -94
335 409
139 -400
-484 125
303 257
290 272
-206 203
187 -435
-448 393
149 -322
-488 -490
-186 -83
341 -403
-41 87
-474 -330
232 491
-323 46
-253 173
147 394
-206 443
-63 219
471 129
-84 391
-4 412
-483 426
448 -374
112 -317
204 -297
169 -53
341 -478
-174 499
-412 41
-266 237
-236 -416
366 -383
-434 321
-175 124
165 -475
-131 10
-104 240
-344 410
-453 -253
-82 479
-418 231
396 351
-398 453
448 -458
81 170
33 -201
20 291
-17 176
-367 95
-196 -126
-7 104
-381 418
-7 -224
164 -449
215 -118
423 239
-58 -161
-245 307
119 -496
35 -108
-244 384
69 53
-196 38
415 27
-238 -238
-490 -177
-292 -102
-244 -391
-351 -290
231 217
293 -410
-54 395
-378 107
225 -97
421 -148
-349 -310
397 -112
-168 -344
218 -235
51 -227
-263 -118
-46 216
-185 -271
163 -250
-445 -111
74 400
-193 268
321 -424
-144 406
72 -208
-17 473
-57 -467
-179 -290
-395 392
107 -346
210 319
277 314
-25 -226
-294 -298
194 308
293 217
170 -439
-335 -278
-400 -41
-402 -287
-57 -18
-429 61
274 -269
-155 -65
-26 78
-329 -32
-473 -438
-160 417
263 -472
-200 -244
-424 -119
458 260
498 429
353 168
-371 389
49 -42
167 65
492 -232
184 5
-79 -68
439 -412
-12 350
-153 -169
-14 123
-306 150
-64 200
296 165
-458 -455
-357 184
467 207
-68 285
396 412
-53 116
-436 359
7 485
-372 9
343 -338
-261 109
-153 450
-28 0
-214 -102
-176 117
200 -221
157 122
206 -470
-473 306
328 404
403 -59
-408 -475
476 114
200 -96
255 431
-193 146
-259 394
-138 -236
101 169
120 -485
189 121
-428 266
-419 360
95 133
272 463
130 -396
-469 151
464 47
-101 -247
-149 75
465 -462
280 -213
-370 20
-389 -269
-170 20
-167 85
497 367
-31 447
-14 -207
-342 114
-138 -74
-329 -480
356 34
-383 -110
-323 -194
491 159
-385 -15
-400 -415
-434 500
-142 416
144 -280
487 194
-204 130
-112 -391
-65 350
-322 366
-93 -314
-477 196
-420 -130
302 286
-483 303
-466 419
318 -469
-272 138
-366 44
287 231
243 -147
414 301
-52 -290
15 387
32 -291
19 250
9 0
67 472
-150 -337
-132 83
-189 -276
-360 -153
150 -481
301 -122
-292 -210
-170 -413
-442 -23
454 430
-376 -343
-413 -425
-18 493
-114 375
-157 -105
184 -408
481 -70
-187 -420
-420 -259
-289 -428
131 -299
221 -22
-47 -318
125 394
-276 79
-44 204
366 433
260 -158
-11 137
-425 -334
-372 475
377 227
-494 326
10 13
-237 35
-215 500
433 226
38 450
-364 243
-386 -13
49 -29
-251 406
-305 -418
451 -422
-132 -463
-160 150
409 496
149 20
-260 26
274 302
-175 -462
-298 -435
485 -463
265 231
-102 -47
248 -157
-290 -101
402 -452
-390 -387
102 471
69 -442
54 -156
-107 -186
362 -110
293 370
53 -329
448 404
270 -110
199 -169
-431 354
34 -82
-42 -420
-13 389
366 -297
-422 -49
80 -489
-425 -112
-151 -463
370 461
-408 -390
430 199
-82 124
-175 -8
387 -381
142 -222
-62 40
107 -445
-452 14
-91 -207
-18 486
-154 -83
-311 252
-149 476
-449 115
-479 -147
-207 300
459 -125
402 189
297 386
439 193
76 -441
-68 126
318 154
321 153
-409 -195
94 -175
230 -261
404 -293
342 13
-215 301
-470 -499
373 100
-457 -328
-285 182
205 312
-294 -214
-291 49
137 7
-97 -429
483 421
-209 -49
274 121
-283 -391
180 -213
213 -152
-95 20
-347 -125
368 119
-362 -126
234 -402
-75 286
450 -364
-351 -335
224 -56
-270 396
-235 -382
-460 303
13 238
-485 75
-60 -81
349 86
-381 -124
332 147
-159 -84
-151 333
433 -497
-423 284
-22 470
469 138
310 108
226 -125
3 247
231 121
-5 -334
174 484
-223 -453
236 237
-430 61
-127 106
-27 -156
-204 443
47 -438
-151 311
-115 -387
-182 141
82 -479
289 -51
-15 -430
204 -58
353 -367
-222 89
15 -424
491 -163
323 -268
-151 28
-76 -360
460 308
37 -309
-147 -276
-450 -336
-130 -278
-61 182
435 -447
124 444
-57 7
-31 -373
-250 -249
-244 -230
-247 -421
482 424
236 -46
250 -202
-485 196
-85 -30
95 270
57 184
216 289
-159 -151
-137 301
165 -104
461 -14
281 385
-483 299
79 494
-178 -197
375 219
-5 -374
-408 -61
-107 205
301 -301
427 -447
-207 409
68 -269
348 450
316 486
-112 -404
-117 -18
-363 293
-103 194
-162 239
400 -472
-412 -64
-329 453
499 63
19 105
366 346
111 -11
-30 40
470 -236
213 -141
159 -449
23 -334
-61 -106
200 -409
-372 -437
186 -55
412 -494
-450 -201
16 182
270 374
198 344
-233 457
98 -85
-143 157
192 132
-57 321
-15 441
331 321
450 75
-72 -32
421 -290
-131 -337
416 262
-222 110
-329 157
400 -346
-483 -226
357 -225
-451 69
359 420
-489 -403
392 -90
134 -58
83 233
-193 -114
-310 -372
-56 164
362 -99
-83 9
214 451
-67 39
283 -373
-35 351
82 -281
-158 -329
-465 42
308 377
131 45
-268 -457
275 430
-163 -211
244 -412
249 -357
-167 74
-446 -306
-414 -168
-186 -290
335 98
367 -459
63 356
80 -369
-440 462
-11 422
57 -348
-337 -359
384 182
-444 -486
473 -153
-153 49
382 245
365 -250
-87 -129
-486 444
90 486
-23 -253
97 235
52 430
-337 -224
105 189
263 -317
204 402
247 -283
-272 -374
-116 -89
-41 182
-128 93
-307 -316
445 -470
-67 40
497 -194
153 115
-24 -60
457 -62
155 359
-402 229
-128 153
497 471
-89 -472
361 192
193 155
-291 -257
252 -289
-198 -127
109 -185
-179 186
-27 242
-282 -152
205 -393
428 66
-43 -150
364 154
-245 146
-287 -133
133 395
301 -447
-445 161
-313 -260
243 -24
-223 355
-119 260
483 -38
-372 177
56 179
388 -210
38 468
-496 160
-181 -46
142 -298
482 -194
-285 -193
-191 79
-307 143
-302 -349
-181 91
-69 59
-348 365
-375 -233
-359 -79
-399 412
-188 -201
433 -232
48 184
185 -418
-35 52
435 -185
306 -276
-493 186
93 486
340 0
-495 -403
-374 -496
461 432
-175 96
413 -131
-279 315
299 228
-362 -475
-119 92
-409 -46
-245 -468
-130 73
-95 -75
-281 183
-230 -484
-165 64
168 399
-19 107
58 -57
-80 -17
-78 -62
244 -414
387 -426
-27 -159
-264 -390
-237 281
273 -204
-215 -264
-51 239
480 -12
154 -492
344 -493
223 176
12 -217
-216 -2
-321 -134
-144 -81
36 34
-194 374
-75 197
-429 -463
-233 3
-186 -78
-294 331
322 130
206 -115
500 228
-147 392
452 118
107 307
-458 -461
256 -133
-39 -16
-439 -107
-96 -201
-228 -326
329 194
244 -134
58 341
-283 -254
489 392
74 306
-207 -224
-422 -403
-24 161
-406 254
-46 90
247 216
-231 462
-86 14
92 489
264 475
-481 124
169 -181
-25 -124
194 62
322 480
-57 -409
476 479
102 53
321 -12
-287 -274
58 406
466 -325
406 -121
452 370
-244 -231
-109 -31
440 266
-120 -132
495 -288
-496 -143
-464 456
430 -301
-472 -126
-399 -256
-362 -271
-104 -2
481 240
478 -380
279 120
-16 410
-313 487
-445 347
78 -118
-174 133
67 212
347 130
309 411
-176 321
88 338
-176 419
-159 -389
170 -202
441 -475
56 240
61 -65
293 -347
-307 449
-97 307
-87 238
397 -16
448 244
4 -308
-113 -360
410 -432
240 -429
-215 -454
-111 -280
-313 -430
348 4
-324 -267
-368 54
-239 -297
-295 -478
175 120
333 321
-361 -157
-244 -318
-79 -268
75 227
392 356
-151 262
429 -402
305 72
-342 -387
-417 411
410 370
-44 408
221 191
398 447
452 -288
10 -497
-131 -9
140 -470
429 288
417 -420
51 -375
449 -286
33 -222
55 -11
110 -401
-477 -56
376 38
221 -148
-67 -461
-92 476
-120 -85
-45 -173
-43 338
-1 -44
-474 -259
-288 342
122 -10
-24 318
-95 395
-371 -236
-194 265
-262 -124
-231 245
249 -290
153 155
-420 342
-295 -392
474 -145
261 490
-147 434
219 -154
-315 -74
-97 -495
104 -90
-347 -260
155 368
-455 96
-330 -173
-315 277
129 17
456 -275
-183 -339
109 -227
112 -381
-367 -219
-498 13
489 -340
390 347
-398 -263
-150 256
50 119
-215 -34
-366 -318
-439 -326
-365 -433
-73 27
453 15
-244 -269
260 -430
310 83
-490 -39
-55 -377
28 -341
-469 294
-36 -257
-86 -37
-189 -278
445 288
118 45
-48 101
-296 378
-280 479
-422 -244
-429 -71
453 -201
-296 428
-248 -168
-133 237
175 368
-115 327
357 454
-383 -118
-351 342
-156 416
-199 -475
-452 454
-226 284
357 418
93 -474
178 -81
-497 -228
-232 -179
-14 500
-251 99
-322 302
397 470
111 -317
223 -366
-1 -256
330 -485
-212 -386
-384 208
-223 472
-64 -381
-110 58
194 -385
487 -13
432 3
-227 -63
-319 -65
416 217
351 -289
274 142
-292 262
55 93
-153 -278
237 -235
-123 63
-385 -216
39 340
462 -132
377 -278
-6 158
55 3
5 349
-252 338
-230 258
-227 442
301 386
-213 -318
439 -440
-366 130
-135 -313
-291 128
-332 348
41 -318
-26 -244
-122 98
150 243
-81 67
-359 436
-413 -274
-22 275
-337 -424
302 394
178 380
-476 35
427 102
174 -467
143 -114
-3 -467
-2 -310
294 102
-44 -128
63 -363
178 -103
-220 -328
49 174
-262 -18
52 196
-302 4
481 358
-459 51
-161 426
483 -70
205 52
425 -116
-445 -41
58 -53
-57 -470
-55 105
331 -464
188 318
-9 -260
484 -3
-25 -388
-273 -202
-5 235
341 -428
-474 270
-498 36
-162 -296
168 254
-237 -468
-400 -496
-65 -298
-363 329
-336 -122
-322 223
240 -215
-56 -454
81 244
335 -44
118 -221
414 -215
-450 344
133 -396
423 -177
-268 -290
391 396
493 94
493 202
236 -314
-363 257
94 3
349 216
258 45
451 -31
69 339
166 223
469 -378
-423 346
391 -283
371 -113
-125 33
-102 48
-211 85
223 -57
-59 -353
110 207
478 -307
89 -306
24 154
-164 -464
-373 301
-26 155
489 279
44 279
349 345
446 -66
91 269
39 -432
131 55
370 -167
-342 27
-305 28
100 -229
-203 -167
-9 -233
-480 23
-458 117
-98 -82
192 -254
-337 428
-245 211
51 -298
-484 329
-474 -376
-259 -361
80 179
-134 -127
-319 -206
10 -167
-56 462
423 52
-95 -15
147 322
-167 10
76 288
-34 463
-68 -103
-27 199
-61 373
215 -236
183 -330
-226 364
-326 -237
469 -147
-169 186
-421 -403
-454 297
-312 415
-52 342
-204 -294
-467 -234
-479 -339
-247 129
188 339
272 73
489 -396
428 15
479 119
-185 -370
-177 -186
65 -446
-117 207
-67 459
72 -295
374 -126
447 -194
-433 58
260 0
-224 -427
60 332
459 231
478 24
235 -291
-413 -92
-153 428
81 -372
-353 -128
-333 -274
-370 198
61 -5
-88 426
313 -456
-173 -410
27 -286
455 -299
484 472
440 220
-337 451
-265 -377
392 -310
-190 112
23 -132
-39 331
-103 -368
-229 467
-478 436
326 -201
76 166
-145 271
-213 -422
-150 122
244 -79
-368 38
-113 -99
-175 60
304 -193
-312 -475
-167 -7
402 199
384 336
204 347
406 -169
36 -431
-217 333
228 -353
-132 -301
-403 256
259 78
-275 -235
-380 129
417 -324
-414 -226
-399 -424
138 -446
-476 -441
-135 -384
-94 492
-302 196
-251 -104
-381 115
17 -385
87 33
85 380
-315 -226
98 304
418 481
451 199
256 -280
-258 -312
-471 -432
484 -317
424 -10
20 -345
151 -474
161 10
-235 -182
-198 463
-370 267
162 -338
-18 438
68 281
-429 343
-262 137
-169 70
439 244
391 -334
-272 -422
80 468
10 76
342 356
-297 204
290 -358
219 68
430 -59
113 179
340 -362
-405 277
-211 -447
-318 -494
137 -20
490 347
298 -377
363 395
43 -367
-182 182
248 -224
-270 -228
425 343
-235 -194
238 327
-372 457
187 -268
-394 -192
-27 24
-180 393
-2 -283
123 -16
-16 -123
-183 -304
356 392
169 360
-370 -499
-478 265
413 -122
77 -241
481 -127
423 340
207 348
-25 124
-257 -397
188 346
-61 44
-464 153
-159 319
493 209
-303 -467
-141 -312
159 206
-359 -198
-489 -43
-493 -143
-52 -184
167 302
-332 196
189 -385
190 72
445 -138
-485 -140
292 -13
-470 113
74 23
260 462
-395 132
-348 -84
2 -203
55 -182
84 -81
-462 -372
191 239
226 -84
265 -277
-87 -146
-28 445
-72 308
-58 -187
120 -232
-76 -150
325 136
94 427
315 58
446 223
-351 6
-11 426
450 395
152 368
-202 -15
167 -293
101 -168
461 106
-121 299
360 125
-238 196
-65 -37
-286 -353
-105 400
454 -368
395 -284
384 -58
280 -344
430 -23
-281 -140
-77 318
444 -139
-205 224
-147 -500
-118 24
42 -198
121 -400
265 -27
-281 -431
-210 407
-243 35
-141 106
-295 -433
-262 71
-372 -342
155 -465
157 -31
-456 -399
188 82
-55 -363
-4 402
-158 408
86 -238
-185 299
18 21
428 42
-137 201
470 -352
-463 -248
64 -147
-485 129
-48 -294
-420 129
8 -141
64 113
-187 23
458 -244
-422 -424
239 -180
38 249
-28 481
-93 -129
-379 60
496 102
375 -411
-52 -459
-354 -49
26 -463
396 380
13 242
90 -439
351 129
-305 -477
-298 229
-400 -199
327 471
-144 -405
-175 262
-117 -436
-305 -101
215 56
-179 163
-203 -84
305 -446
-338 314
-136 93
175 -497
-293 366
-18 75
-50 498
155 238
442 243
155 144
-329 -131
462 -311
330 102
-259 270
219 131
-12 234
-420 403
-396 -79
-245 108
431 -70
-133 270
30 419
438 119
-180 327
74 278
354 -463
388 314
242 -448
-64 384
-252 -383
334 259
-376 -61
318 -249
425 474
486 -325
-219 -8
84 -348
-148 422
-80 319
-410 -215
233 -122
-396 150
-135 -208
-204 173
-490 -166
-213 -113
-289 149
207 -3
-302 -115
-341 186
492 -222
-299 -172
-33 -205
-144 446
-469 320
440 315
-431 -417
-14 17
-234 -251
182 -234
136 67
269 306
462 466
-196 -283
-175 -157
153 493
131 -85
-251 -354
-232 -197
352 -447
250 -194
-335 215
-310 240
-93 67
-396 153
-208 35
-36 -454
-10 -398
-337 188
-30 206
-152 -19
-412 -211
-154 -12
234 72
-106 -174
421 473
-313 -198
56 -410
-226 -424
319 -157
82 -262
-306 247
-227 8
301 -199
-429 65
403 -190
-200 -264
136 208
139 495
-365 137
-194 -407
-238 -482
-94 -245
239 353
-230 400
407 259
475 -116
59 419
441 76
170 -231
-37 -4
-61 -265
-261 -57
-436 -197
313 464
-442 367
-225 -346
-183 -204
-44 318
-500 447
-267 270
288 -254
498 233
-4 -428
285 -3
-223 -498
-486 -271
106 93
-227 434
102 -400
222 -142
230 -215
483 306
16 99
354 494
-404 333
-280 -20
-399 -311
-139 -131
-135 -288
-83 424
-286 -282
-75 -102
34 -447
-331 40
-46 57
151 469
492 464
68 -82
-62 37
11 354
216 -271
-309 9
136 -441
478 198
-401 -212
-385 -490
17 195
-354 -475
53 -89
124 -313
-276 202
-134 -216
-24 -151
235 62
-388 -212
324 46
130 201
-186 403
-94 -262
-305 -55
-305 131
281 177
-414 265
495 1
-222 378
-277 283
-70 322
-431 -86
293 -316
242 -109
94 -443
-380 -361
-190 299
-139 -232
-470 -151
-7 -74
226 -348
-179 -391
177 -170
79 -377
-205 182
-445 81
-365 342
-181 -246
308 289
-434 72
66 -99
-174 -29
94 -42
89 -379
-239 32
-408 90
-265 15
354 -6
208 180
-78 -494
-133 -62
-31 -242
-428 342
-222 -295
-19 -374
265 -465
-336 -76
-103 -304
391 -462
-366 495
10 136
-443 409
-453 21
-179 -395
-362 -42
-339 -126
215 26
483 -444
31 49
221 -90
374 93
-436 161
183 -115
-231 -441
-381 326
182 198
-355 -127
-443 -353
-11 220
122 -217
477 -275
-121 307
248 226
-381 283
-269 -70
83 -376
-366 397
-49 417
257 92
195 -190
-316 -71
68 -101
210 -176
-102 179
-313 -62
57 -301
-348 -408
480 106
-26 220
-446 -215
-372 -497
111 479
-359 195
-338 -316
174 270
-336 -473
-475 490
76 0
148 -270
425 170
-309 165
-53 -146
-304 447
-457 411
-20 442
-451 -235
-55 243
-56 -286
-408 160
-244 -69
-144 -168
198 441
-496 272
-396 246
426 -72
-479 379
27 210
-345 312
-177 -101
231 -176
384 -50
357 -397
-118 -31
434 -155
383 -184
-264 -55
-314 -162
492 -482
133 162
-418 245
-324 -59
-152 418
261 466
120 -233
-95 253
51 152
-460 -112
48 492
268 271
-177 -332
-230 -341
-344 430
341 385
25 -348
-413 86
-405 -498
-445 433
-286 -249
-183 359
-339 44
205 453
298 -105
-171 313
-245 -159
485 -221
-331 -328
15 394
-75 451
263 101
376 -13
413 118
375 144
-419 154
-455 -438
-260 -179
-307 74
-37 315
-245 -227
-373 225
-394 -138
223 370
280 -429
308 226
441 -327
333 -242
-191 -288
-355 35
-364 165
-430 310
-194 -99
-398 91
-188 -272
180 -158
18 273
458 -304
458 -351
127 371
43 140
300 -386
-360 477
315 -457
365 170
-80 372
189 102
-387 -314
194 -44
319 -481
-384 -235
217 408
-464 -204
-351 164
211 470
358 367
-198 -194
-218 82
268 -256
-218 448
4 320
-281 -177
399 120
344 -123
-351 -131
-225 -489
326 475
-499 398
-182 291
153 172
-164 426
397 24
473 273
13 61
120 -165
273 262
8 386
-61 36
333 47
315 -135
-324 -493
417 433
-74 -30
-499 -43
-183 427
-125 -152
-426 20
179 277
-467 153
439 236
-298 -254
228 -39
-222 -63
-401 -235
-96 83
-115 125
456 128
-148 436
96 410
-433 347
-455 237
347 258
-9 -131
288 -232
339 -425
136 94
411 -236
261 334
99 -161
-39 -39
153 -32
393 -89
207 426
-72 365
18 -246
-264 394
-321 42
-189 -286
-174 -82
450 324
-12 -13
484 290
333 -126
-230 -54
239 359
-398 -491
-361 -244
360 -105
167 165
-313 -200
-71 -216
-298 198
-427 481
-236 24
453 -354
-442 -332
-399 -327
-208 311
258 290
-206 -319
19 155
-278 438
94 -457
96 170
347 155
324 127
-22 -50
295 401
-281 50
-434 483
-177 -281
164 365
222 -321
400 110
250 -303
-436 420
-483 236
166 -478
-484 489
-257 458
-81 -333
258 356
-324 -371
-133 -499
132 -486
36 -383
144 -2
-180 457
19 461
-195 -390
-319 326
367 31
-83 -386
412 -417
-338 240
264 25
184 -118
-500 62
-7 -7
-153 238
432 233
39 429
-368 456
-456 -373
12 161
-122 -151
70 -114
319 195
-299 -239
120 298
-187 427
-393 -138
495 233
-447 -202
484 462
452 185
201 -242
269 -8
77 220
176 -385
474 -239
496 -432
-251 468
-377 -191
-410 -200
-12 478
480 -145
-355 5
440 -319
-307 396
-9 258
-12 -153
32 -377
-374 192
492 306
-334 -257
-125 -296
-85 -449
-416 414
300 -289
57 -425
379 248
-198 50
-347 -173
486 -88
-341 -120
-407 -55
-148 -328
129 -397
-270 259
-145 339
-285 86
-77 -477
-328 40
-234 -319
-71 16
194 95
99 -28
-386 190
398 248
428 405
-409 142
25 334
-359 264
44 146
128 -320
-176 -459
-482 -38
-207 475
44 -240
-71 225
-495 270
117 147
-155 -248
472 92
-316 457
118 307
-26 122
-450 457
436 -59
421 131
-415 185
357 -258
-485 461
174 -327
-217 468
-225 385
-295 305
62 94
-263 133
73 338
261 121
26 -375
-65 -159
-318 291
-32 -261
427 452
92 -326
-85 -35
68 -211
451 293
14 303
-301 408
387 -297
-458 -202
-343 -13
268 -71
-411 69
-443 144
-38 321
2 12
-483 -92
298 -415
416 8
-96 -263
434 -142
279 -221
412 486
272 215
-389 53
64 -187
394 494
-328 -140
-478 -335
162 14
-347 -436
-429 -456
-261 424
361 47
-232 -53
234 392
29 439
226 429
469 -357
381 200
421 -130
-97 -354
497 -360
-263 357
407 -177
343 -28
-479 -288
-70 -122
-22 -415
467 -179
-116 346
-103 -33
-422 37
431 -451
346 -207
-11 -310
116 -378
-90 -475
-128 253
-440 230
150 428
493 423
-162 293
-227 379
-325 -44
79 5
-183 191
57 -278
443 -263
282 272
-1 322
93 182
217 181
-58 -441
-158 -381
-340 369
172 284
-51 418
-7 49
233 -476
141 306
167 336
88 25
-260 184
-370 -404
195 -30
237 -413
-156 -498
-231 109
347 -320
-374 495
53 346
-54 -443
-183 490
91 350
-267 51
30 -425
67 -107
480 -97
13 -460
-39 246
-318 112
386 -482
351 -16
-66 -406
376 -362
349 368
107 44
-87 387
36 422
-267 397
83 -327
-119 -319
-391 -315
339 -480
214 43
-28 99
298 188
257 404
-393 194
-251 442
-135 176
-92 158
-475 174
-255 402
-231 -340
409 -422
472 128
148 -119
-334 348
33 378
167 -320
399 -257
-189 413
-410 -59
212 392
342 -484
10 -91
258 333
426 383
-364 -229
-456 -264
170 202
390 129
-254 -54
-222 -215
291 -490
-381 -435
10 -328
380 43
-37 271
17 306
183 -487
-296 -167
-419 -425
424 -250
21 405
407 327
-259 -363
271 387
298 458
-48 -10
167 -110
-46 -358
453 -496
-129 315
-74 68
397 168
-260 -238
-355 391
403 392
394 -437
21 -332
-65 56
-196 75
237 -272
201 215
-216 350
12 -439
-450 -154
498 378
-20 -136
-309 449
43 449
396 -232
327 377
-320 -122
305 2
360 47
-95 -409
-200 435
181 79
202 -246
93 490
-195 -90
392 -452
-412 422
-488 -280
-471 162
-68 299
154 -201
-140 344
-394 301
159 416
21 222
353 241
-490 210
391 203
370 371
112 174
153 375
490 467
356 -163
31 306
418 -314
211 -30
-383 -92
-298 -453
193 -157
230 -391
-329 -61
-452 292
-293 447
-259 381
-438 270
-88 314
-1 -305
286 -390
-345 439
-99 -369
-304 119
158 -371
-40 312
483 196
391 72
223 277
382 48
340 330
-193 108
-277 -241
178 -261
-297 -194
112 -197
314 250
470 178
-114 357
-69 333
-113 90
-464 -419
78 484
-490 -348
269 49
476 23
-217 -473
108 -420
236 96
363 136
-439 53
27 109
241 230
351 -448
-48 -487
-202 -203
-188 431
428 -23
124 237
-80 288
402 246
-164 148
-364 -476
357 -254
-247 -219
-340 396
99 -454
-376 -306
-300 -412
438 -26
241 -135
229 181
432 -218
419 93
-331 433
-41 120
479 -15
490 377
184 453
234 199
8 428
-370 -244
65 -126
349 -280
-277 168
149 327
-233 -405
429 -167
44 -173
-443 -483
-204 16
481 -183
-436 40
99 -73
286 -120
55 487
-21 -326
-226 -363
221 389
-12 -496
412 389
-37 458
-324 355
252 -500
-67 -34
-55 -456
-93 458
467 177
295 369
54 -408
-259 305
491 340
-118 -53
-188 161
429 162
-327 62
-341 -7
183 -363
485 -46
348 84
80 439
-220 469
300 -225
94 -77
459 500
77 34
108 119
280 467
398 64
230 280
456 -157
-138 365
-162 -481
-323 419
462 -303
488 187
-320 308
-445 -171
113 484
353 -163
-333 108
287 258
390 -186
-207 -125
406 337
454 449
153 294
-220 22
-224 90
-99 -21
8 334
230 -294
324 438
314 201
263 -456
-111 454
-165 418
186 209
468 -161
420 110
-469 185
114 -327
-263 176
23 458
203 18
386 -461
302 -459
-353 -111
291 -497
-484 -87
107 425
-500 -81
-213 -326
-38 -120
-38 444
339 -292
23 345
334 210
-138 359
401 123
378 -435
307 -280
340 -332
-433 367
-405 424
-61 -289
-339 -400
130 -312
393 -174
-255 403
388 -27
408 -271
330 -467
17 405
500 140
81 -58
492 -413
456 182
379 -198
-421 -29
-500 -425
-122 -133
-337 -105
-198 109
23 -488
255 -26
-149 -322
159 431
100 -178
259 -45
456 -300
-6 -408
412 -272
13 139
-152 415
-296 39
-314 36
-67 -328
61 -80
118 -251
420 316
-75 -198
371 -317
-454 -263
438 -37
192 -195
-415 -212
72 -434
-331 81
-316 -470
-351 139
341 80
452 402
43 -317
376 387
324 322
-150 -14
169 -159
169 -77
175 -212
149 150
350 162
371 389
-436 346
88 487
185 -92
445 259
-460 432
85 -406
-289 233
-108 452
500 75
106 208
-100 -8
-292 -490
306 -418
-170 -385
180 15
29 433
-401 381
-96 188
-421 -252
-316 289
-261 -347
-48 -258
130 -489
408 268
332 -252
89 -17
44 -404
-234 460
491 -360
-318 -300
408 -483
-81 -137
185 23
154 -444
-201 -252
-429 251
337 -451
-189 -235
209 -323
-302 -287
288 -427
-210 -272
122 459
-364 134
-283 -146
-385 29
-221 -312
424 -123
-316 -110
-475 -426
-149 -90
-167 151
-95 498
256 268
331 395
357 306
-438 -103
232 -374
-241 -476
98 379
-424 327
-132 -409
-289 451
349 27
439 -439
411 -339
15 -241
71 -370
433 317
376 318
-357 -119
421 -488
198 -276
-85 -403
480 -314
-322 49
-475 106
115 -233
378 -252
-113 -1
183 -15
467 -203
-439 -281
456 469
303 -433
263 142
102 -442
-409 101
-328 -450
129 267
126 350
-355 -8
498 -54
64 53
5 -120
24 -185
403 -9
-474 214
-265 -11
-257 -96
-126 -137
-233 -58
393 387
164 -199
340 7
-211 -45
-197 -97
76 351
-239 -139
100 424
-192 -1
-309 145
-288 358
179 -367
72 -205
69 -384
479 -34
-175 497
180 416
-417 -329
-52 406
-203 138
261 499
-13 377
-313 495
-237 -53
371 -379
405 420
-491 387
232 -286
478 339
382 -295
45 170
-453 -332
293 440
-340 -148
-466 377
104 102
382 -298
-492 44
307 -189
-200 395
33 -271
84 436
356 272
-152 -366
166 -236
-398 332
-183 331
285 -482
-458 -180
57 306
439 -20
378 -4
15 -494
-203 372
-5 357
443 -480
-133 498
-492 348
130 -440
-196 -26
7 204
201 482
-189 228
231 -327
41 -122
-379 -425
-385 326
-245 40
302 -388
360 -180
-474 -156
276 -43
-344 33
456 -368
218 -454
410 -215
-455 461
373 167
-406 -309
-370 -296
48 437
-16 -433
281 201
-363 -194
-299 -197
-424 4
308 382
405 9
-403 -457
470 -230
-470 -489
396 -466
-202 175
26 -180
-431 397
410 -419
161 -377
-149 445
-435 -344
-289 -17
355 -66
149 343
-77 -296
71 -492
-99 81
-489 -284
-242 -91
268 -414
-484 479
-401 -325
-214 -23
-3 279
238 483
-462 237
-465 130
283 -70
-200 -390
-8 -90
-97 397
-8 31
387 362
53 -387
439 433
-309 106
-368 -81
-200 -412
455 84
-43 -72
183 -484
291 -231
451 500
-351 209
381 -162
-162 254
-156 -114
405 468
-159 221
-220 54
129 -231
331 -186
208 494
311 -350
225 225
-427 -331
-325 -202
-132 -79
405 -403
-16 -346
-186 -84
-287 86
482 -347
10 182
-206 106
244 350
-194 78
182 -153
-329 441
413 268
328 233
238 -330
442 54
392 -360
-223 -157
-149 -357
409 -35
-294 291
-435 375
55 -120
173 252
-443 -351
472 75
442 151
379 458
-439 -242
8 492
-336 -35
339 457
212 -134
-397 202
252 201
-157 -416
-376 358
-111 -192
207 -112
130 278
-474 -160
-118 -206
246 -369
-147 -295
149 -406
-354 346
-409 -442
435 -493
335 -125
0 350
50 477
-394 -313
341 -221
141 -45
28 181
430 101
188 141
110 -489
-148 -149
-13 322
-324 465
177 -159
-19 -212
143 -468
423 -202
438 194
-448 141
-96 63
273 171
317 -22
145 -385
209 483
169 149
-423 256
250 62
-243 357
-53 -35
390 -173
-164 220
-353 256
417 -98
269 142
-117 -261
168 -108
240 494
-100 150
-469 -70
182 292
-476 -65
229 -439
202 -94
179 365
-431 -367
242 -140
202 156
-203 415
-336 -428
-371 45
486 319
479 -485
10 72
-83 427
-160 424
-6 213
365 -143
28 -119
145 -118
-218 48
132 143
408 104
307 152
10 263
-264 422
-294 -491
26 -499
-417 261
362 -236
184 -127
410 422
-60 438
158 247
-495 306
467 -245
331 -255
463 194
-429 139
303 -158
79 -428
92 -495
-75 -74
322 176
257 -174
-369 -289
-7 -182
-101 -320
195 -138
-64 -5
50 -314
340 -330
291 337
-135 -369
-363 345
-13 -361
74 43
-329 -438
-420 398
-130 -439
307 -9
284 -471
-199 -431
443 -188
137 -29
46 -345
465 173
-125 -168
210 153
56 -297
-17 462
330 -23
446 -17
126 -296
-77 67
499 -475
-191 -345
228 345
-369 -413
172 127
-190 328
379 455
-123 -443
-126 375
-388 492
-51 392
-208 -443
155 372
-35 -126
-54 211
-262 211
465 -87
-13 390
431 276
-363 205
-440 -470
346 -33
-49 55
191 371
500 74
-86 154
223 90
447 -405
-321 330
-16 -500
426 345
-129 -68
195 360
235 -355
332 -42
-457 -149
343 61
320 -259
-489 258
-469 -384
320 -93
414 -354
304 -398
-90 -307
318 263
288 351
-349 284
221 -105
466 -280
-250 106
56 -344
77 453
217 -423
-272 22
220 291
132 113
-401 -149
395 455
250 -302
420 223
270 -113
272 -478
0 245
-25 166
265 -46
-108 32
-487 -329
-5 206
150 -123
-471 9
20 182
-289 111
475 217
18 87
339 123
-238 444
-155 460
230 459
221 -430
351 -476
-435 -49
-224 76
417 124
-144 -484
234 263
-199 -275
86 210
-195 256
316 495
80 21
161 -183
-17 -324
-143 -224
-483 174
125 299
-500 3
90 -463
-364 -80
431 168
319 271
-269 -300
-308 -389
152 -257
-98 -280
-142 131
-228 -284
441 -288
411 84
264 179
-365 -444
-247 194
-38 44
278 -185
228 1
388 -185
339 172
169 361
462 151
31 62
-298 -69
-141 275
-136 131
-294 264
-450 451
-311 45
-430 363
104 429
318 -270
423 69
-492 419
-141 -193
-9 -114
249 -188
-494 -186
-488 283
331 52
-210 -481
325 375
-186 -219
449 64
360 13
-230 -322
34 -286
128 -231
208 1
227 -283
-417 -126
128 -64
112 -13
28 314
484 -452
-158 -235
-483 -446
144 -121
500 175
46 -176
233 392
-256 -410
24 -366
43 -71
-475 -433
436 198
384 -149
-205 -123
35 -214
367 -246
115 80
275 -291
420 306
75 -124
-66 -411
214 -475
104 208
369 464
6 460
-495 424
-414 410
411 392
339 382
-415 383
-315 4
-250 272
-437 123
-385 89
363 -320
-121 -476
195 420
197 -75
426 -247
435 -203
391 16
-391 -10
-161 -298
143 -12
-317 -408
-434 32
33 236
289 204
-302 395
-430 135
-437 8
296 -421
-5 -332
94 -172
-284 255
-228 178
157 291
329 308
71 488
-407 268
118 -437
152 330
122 -90
108 185
262 87
324 51
-302 -439
-20 447
-299 19
-129 -271
141 30
-201 322
499 477
388 -453
-419 -414
-429 -113
91 488
-282 283
138 76
-85 -370
427 479
99 -406
-357 -76
208 289
-121 -186
453 371
334 -448
209 338
-77 -284
448 -169
312 -268
-324 -350
144 -54
411 401
182 -452
143 -273
-346 -11
182 -162
-245 42
180 432
192 -275
-380 37
-315 -341
195 -40
128 152
-255 235
-396 -256
-165 -187
447 -184
-301 7
243 -237
-480 -19
-6 -461
-100 4
-8 -118
365 -221
-71 370
-142 102
227 217
432 -278
-24 127
-440 397
314 309
-257 170
-3 421
-319 -91
216 -296
273 152
179 -222
403 237
-246 374
337 441
-49 469
-454 282
-100 -346
490 -169
490 -360
-76 206
394 85
352 -311
241 299
150 110
117 -120
296 20
71 -396
296 -377
327 117
172 439
421 87
348 -462
389 -160
-285 18
-122 430
217 -187
309 -45
173 284
-375 -360
482 354
-392 -64
303 336
-145 -385
237 -391
188 -121
308 225
340 -267
-277 7
-87 496
-395 445
59 299
138 -4
-445 90
-242 -357
-147 344
407 147
-385 -261
19 -321
-82 -302
-318 -409
-291 -12
-44 -326
-485 350
-426 351
204 353
-55 156
-367 312
-314 -222
-10 437
496 -382
22 -102
-56 109
355 258
303 -305
214 264
-252 129
355 204
338 -29
184 -377
411 312
-190 451
-306 203
211 285
-434 -353
172 -327
238 -334
-420 50
341 335
-484 52
-93 -307
50 -249
459 393
277 -225
467 230
401 -458
-389 403
476 249
115 -270
-201 343
-297 -382
492 328
-62 -38
246 -37
288 -104
172 -477
130 69
-23 199
-403 224
-371 213
-462 -308
286 147
332 200
-34 295
48 111
36 334
-258 161
200 -348
460 -369
148 266
486 103
92 441
206 -243
425 -58
329 180
495 -489
174 -422
138 43
-277 -447
345 341
-132 -336
144 -38
-264 -86
-388 -261
447 -380
-204 -221
43 -227
368 -96
497 289
-241 -21
440 85
-245 -50
-57 83
184 334
-460 -121
-115 130
433 280
-92 -316
229 -214
168 -366
442 296
51 366
184 190
-88 -172
-494 28
143 -397
-141 245
-74 173
173 -306
475 -136
-55 468
29 330
-260 -258
229 -129
64 -409
-216 376
-436 -49
373 -2
468 40
166 260
-492 307
-28 444
-488 -68
228 -241
-325 167
-197 -471
-273 285
73 459
-80 43
-301 194
-442 0
141 -197
-53 486
-115 -246
328 -93
289 -499
126 -3
145 -120
444 204
-169 -485
188 -453
271 89
-470 -124
-124 436
256 443
-377 -370
-314 -284
312 215
-142 132
-197 374
449 -210
215 -162
184 -155
198 -65
-167 369
-280 -293
-309 383
-79 -123
249 -117
-187 397
433 230
401 -24
224 327
-391 -56
285 91
239 -298
-168 294
-385 -94
-311 -179
-356 93
376 469
-336 20
-305 -434
-440 282
327 -414
112 -448
485 -186
65 -183
64 315
150 95
-400 -123
342 35
-252 275
336 -369
-91 -275
-202 -268
236 368
-447 -464
-4 -319
216 -68
379 -69
436 410
496 -191
423 23
492 -426
-403 -311
-349 11
18 207
-70 -263
333 43
18 158
84 43
43 -49
-397 419
-104 397
-22 -474
-151 -490
413 -158
314 300
-239 -90
224 -104
201 -426
497 -345
-350 187
232 -396
133 25
-327 -156
257 -337
-259 298
37 450
458 -281
-67 261
-389 294
133 441
-440 -26
-210 -382
275 -251
-26 -126
-485 -218
446 -293
-71 312
480 -418
-2 -88
-132 -82
265 386
-368 128
-412 447
-47 362
-207 -188
209 -390
176 -378
266 -476
305 -304
-227 -424
-2 -470
-430 456
450 203
-355 -394
-374 -109
-417 -161
-231 -448
-257 180
-191 -230
66 288
148 -480
-101 -121
224 26
-62 315
309 -229
261 402
-20 -356
-97 87
-4 24
493 -483
-37 287
225 -306
-211 -184
-83 -235
-44 -493
-89 -258
-162 11
427 447
-179 -54
171 -485
-64 -257
-213 -382
-25 164
-471 -414
17 34
-16 454
-168 130
70 -276
442 67
29 -90
259 79
-252 -220
-409 -110
-40 -293
-93 58
138 185
468 327
140 394
-490 -114
86 -97
-82 -98
189 197
-195 -84
-345 -257
109 -138
5 305
-52 -442
45 455
-121 458
189 188
216 398
-132 -385
403 21
184 198
167 134
262 -360
493 -229
-169 376
200 460
-198 -30
155 499
395 -164
-79 188
370 159
311 474
417 423
-39 159
-118 207
-494 486
238 384
-389 414
-314 -362
-411 -329
-170 -402
-327 -489
301 -22
72 -412
-96 124
-161 -473
133 228
-299 -297
-198 -322
487 -475
-303 -53
-161 -464
234 386
-391 -277
332 174
-196 224
21 184
-374 -70
206 307
366 -386
338 -318
-494 408
183 54
37 -66
230 -34
33 -352
-463 36
-175 459
303 296
270 76
222 287
374 212
226 129
264 3
-345 -354
121 -385
444 -98
436 421
-100 -492
472 173
348 -358
398 -172
-127 -162
24 -411
-497 -362
-182 -290
-187 -154
-407 245
-155 56
-466 -287
-399 340
-34 -384
309 -438
-474 453
440 -124
-490 433
52 116
95 115
-420 121
-58 -91
279 -150
237 403
426 -459
-415 -311
455 -120
-144 -48
-447 -54
278 -112
-284 452
-49 -312
405 394
364 449
-240 476
399 -230
296 -166
280 15
-86 -308
-83 -491
-228 121
135 -63
-9 110
317 475
398 -176
199 -120
154 31
-385 -244
-262 110
335 -448
-464 -469
440 -267
-273 124
138 175
85 303
184 208
438 -217
223 -31
418 427
-151 -368
181 -445
-213 306
-432 -381
395 -304
-101 27
305 -342
454 -278
-225 292
-139 292
-384 378
478 -216
427 116
135 -122
-46 245
-123 126
-91 -382
-65 223
-151 21
206 -113
133 38
-187 270
-65 -162
-165 448
280 -179
146 -374
244 49
-134 -458
-391 202
-130 318
27 -454
179 473
-128 -84
-419 219
217 9
430 97
272 26
484 -430
385 77
-363 -118
-264 -117
-91 243
-195 -486
-387 291
-154 96
54 303
-82 -52
402 -463
-291 -370
0 96
-143 -286
357 -493
268 143
-374 437
244 -98
-300 409
311 -302
-256 -150
25 202
427 -371
-226 -431
-473 -375
377 365
300 265
250 -416
-450 -359
-488 -109
113 44
492 -285
97 86
390 361
196 291
-160 -91
-370 -298
-407 136
344 320
185 182
77 -231
-85 -310
288 472
-188 372
-32 338
-488 361
-145 -240
-441 422
-151 -8
367 458
209 124
-422 -494
-335 -333
276 -58
-86 -435
-72 499
171 -346
-287 150
411 23
359 -4
-321 336
-194 -86
-232 -246
-296 -13
398 63
401 147
-254 -470
-16 491
451 -452
-470 138
255 -9
424 11
177 -209
-131 -47
-408 -173
411 143
-392 110
191 10
329 25
293 -44
-89 -221
-336 380
-113 -423
199 -74
335 -156
129 218
74 63
161 -174
441 -29
235 36
115 -137
36 84
280 297
-278 -420
479 -339
-428 312
420 191
227 53
60 -196
463 -64
-458 444
-144 -353
-441 362
367 -379
-329 283
109 294
220 134
-492 -187
-287 -48
275 360
-174 -111
484 162
-152 -266
67 -399
-19 323
153 -101
-409 -115
-461 395
-426 486
330 15
-2 372
-464 284
396 436
-493 115
-467 391
456 148
106 488
-363 366
19 -486
51 294
-81 460
335 115
235 -193
-326 48
437 -436
371 302
-232 -283
62 -272
331 -145
-365 -428
245 382
130 -438
-158 111
411 -461
195 254
248 373
-293 237
90 -114
-103 183
191 -190
-252 -449
93 -134
-385 -7
208 298
435 260
73 -357
7 -266
-52 480
-336 -493
-79 -308
51 158
225 -386
-179 -421
366 -246
18 -405
-199 -184
-96 489
193 -88
-274 100
-274 -364
400 111
19 341
-103 -21
397 422
173 -145
-233 -235
-481 84
215 465
-488 70
-164 -454
-219 -400
-6 70
-9 296
384 -170
394 386
281 446
-16 -211
122 250
390 224
212 294
310 346
464 -194
360 -31
303 -461
-247 -229
-82 238
459 202
-5 -490
-454 312
146 -53
305 160
-18 -406
-197 -45
-54 470
-264 -43
229 -113
468 -494
-411 495
-381 158
-333 202
-186 -246
367 -312
272 -309
-102 129
-414 22
-243 384
463 69
-75 90
202 -56
-232 65
436 287
-231 249
249 215
372 -474
-401 225
-123 -454
-94 246
-165 -283
453 -375
-11 298
331 212
195 -21
100 392
-390 -448
316 455
354 -394
-427 -269
261 247
93 425
54 -379
162 -403
-366 -335
86 174
-362 58
-395 -242
-471 -127
-117 -15
300 401
491 -311
243 392
-29 402
374 372
-392 -473
-43 -160
35 -297
-87 -13
-376 -368
-21 -198
167 417
-277 350
-57 262
-178 121
-298 -48
70 -81
425 202
-241 -473
-121 459
117 425
211 -428
-260 0
207 -448
493 122
84 261
427 67
85 -476
-212 424
-427 -409
146 123
-465 -97
-63 -234
217 -464
-111 132
91 401
-387 -332
107 -2
468 29
73 -229
-389 -303
210 489
-118 -370
197 -444
-208 122
-51 -5
448 11
-461 439
107 46
487 -366
440 269
-456 -95
-304 -453
-153 -64
-228 -215
-378 -21
-264 -266
-442 318
50 107
-484 420
170 -284
32 -334
398 311
268 330
469 -355
193 -67
77 395
58 80
285 232
14 370
173 -411
-358 463
460 -393
-120 189
282 410
394 -178
472 -378
-408 401
113 48
350 362
207 -373
-10 352
69 272
-321 183
284 484
-482 229
-190 -257
-313 -353
-237 433
-45 468
205 414
57 -165
434 -403
-299 -151
279 -9
-27 124
500 -244
265 492
-116 -28
460 -86
119 497
-496 257
-294 -48
-109 -98
154 226
-175 249
-431 479
295 113
-428 417
453 -274
258 420
136 483
-231 -135
319 11
-21 -369
-213 -311
-322 338
-347 187
-54 1
388 -101
-282 461
237 -172
-245 91
-482 -172
112 34
-368 -16
-410 140
134 314
422 90
-437 241
-492 107
-386 494
261 -208
245 429
-379 452
-268 450
-147 -445
464 200
70 -141
-486 -223
-302 233
-344 -267
475 -500
-309 305
-397 -134
-85 116
-9 -214
-70 -438
-354 -175
245 147
4 -102
-5 -384
-203 98
462 382
-331 6
22 95
-78 -61
414 275
135 -176
343 77
145 -137
-188 -410
-434 29
-244 -148
-274 347
246 375
-251 -203
-377 416
-58 211
-41 417
-408 291
-357 -215
190 57
-110 164
115 286
-333 279
308 238
-300 143
153 -500
-295 389
-91 -374
88 -499
202 -138
65 -417
139 180
-66 -98
-346 -248
396 333
-157 296
-220 147
-83 -234
-436 471
-257 257
123 144
85 129
-290 -345
442 362
-361 197
231 -320
384 295
238 -403
-489 -172
-269 -339
217 213
-402 121
41 -205
103 -460
117 -356
214 -35
-20 36
-307 -30
68 361
-417 -343
357 -179
363 312
-86 87
382 -305
380 -444
62 -487
480 22
-428 285
126 -380
-72 239
-363 71
286 -151
-470 224
143 -181
-326 -471
-453 -161
95 -4
-218 346
-104 -43
362 -360
-293 31
240 -277
289 93
458 -198
41 -146
459 307
-89 -365
-262 -32
136 -364
-393 32
-490 218
252 -255
-270 309
-116 -7
425 -399
-316 -240
-280 69
-363 -343
452 -114
112 -177
-197 -104
441 381
-274 -144
-124 337
-307 -493
-409 294
231 -298
-104 161
-289 8
-185 -259
170 204
74 163
398 -70
139 217
51 496
-344 -394
52 -258
-151 -447
-113 346
-496 417
372 430
-394 -244
287 194
54 77
496 467
448 56
376 -386
313 -101
-209 -485
390 406
141 -138
-315 -193
-91 358
154 -413
-277 362
-358 49
-75 -438
435 -281
218 -124
396 -95
-152 -67
472 195
-158 286
362 229
-359 482
-31 308
459 -490
-232 274
-152 -368
51 288
20 493
117 241
233 -220
-139 -202
-414 337
-137 7
418 -43
413 -80
284 -412
414 -145
177 -231
-77 311
-275 -21
-175 423
201 -406
-331 -349
82 -98
-422 -151
-194 -326
-453 -352
-7 -181
-97 -291
-403 -241
353 419
409 -332
305 -375
-417 399
68 -334
266 -34
422 -181
-463 223
-258 -107
-268 40
391 -407
482 381
-133 -136
293 4
-217 -329
384 145
45 -81
-130 -482
-312 -253
-370 -1
324 120
91 267
-61 472
158 163
-50 230
419 -239
-156 83
16 -82
-201 -489
-55 -293
439 -322
-172 167
325 465
274 286
261 -40
95 -467
-112 120
382 -493
-458 -72
208 79
356 -98
58 -423
-8 159
494 -126
295 -75
254 -81
-482 -47
-218 262
-191 -435
456 205
-269 406
325 270
-334 -133
-238 -255
1 -79
-270 221
-324 -459
336 270
237 163
-141 279
187 306
129 -7
-3 -250
472 7
-283 -114
-270 -252
487 -481
-239 492
-347 -401
117 -284
-380 -244
-253 -445
-384 -391
116 417
250 -321
213 -375
84 -366
10 -77
-80 95
332 159
166 180
-282 -198
40 304
119 63
491 403
478 59
300 106
-426 182
-411 -216
113 -50
-128 -226
-102 -284
206 209
317 49
-330 472
142 170
-174 411
231 -350
300 11
301 -84
-115 -189
-36 -192
-328 -407
212 -97
-328 56
282 181
-296 451
297 -435
306 346
-319 -465
194 185
4 379
-228 -343
-210 -89
-172 -304
237 -146
-121 -267
128 -29
361 180
-427 -1
364 -455
-393 461
0 288
175 111
-485 65
202 182
347 484
425 295
331 -18
456 294
-440 -224
-197 281
59 -180
-39 -99
19 56
72 242
410 104
-238 -495
64 136
-260 -260
376 -446
-295 457
216 -424
-254 323
316 -120
176 -158
322 277
-57 105
-278 473
469 434
-164 -175
222 357
-112 -431
-471 357
-265 -470
70 -185
413 -307
392 -392
129 403
-467 -298
41 -198
211 -56
-132 -354
-216 191
51 -10
323 404
-206 -50
32 -430
51 -108
8 453
463 -400
-331 -49
225 -299
439 -381
-388 239
-201 -304
151 124
-172 -185
-434 -182
124 -254
-188 57
129 -339
-246 -275
261 233
295 -151
488 60
-63 -494
-323 -253
55 123
-333 39
-394 -211
119 187
342 268
419 -5
343 94
447 -472
491 111
410 296
-423 -281
-133 -282
393 417
474 -477
231 311
417 55
369 -283
142 175
-150 239
-175 -296
66 -453
391 376
0 8
-175 143
-460 -286
-202 -305
-29 -64
-41 195
161 -186
-27 -206
399 -363
-128 -299
-95 381
-498 9
375 450
82 416
-343 -131
439 -182
127 100
-272 400
344 215
211 -185
-275 -280
252 -399
-355 167
61 -2
-353 -330
295 -160
153 -140
-455 -475
428 487
-73 131
-406 169
471 -235
-36 -310
-432 -183
-409 404
211 454
-37 -479
-469 69
-205 -199
-327 282
-109 29
-157 346
166 -380
90 37
-321 -350
149 -169
-191 274
307 -302
172 -196
108 495
-55 4
223 142
-183 100
-315 322
-77 233
-477 92
-295 -55
-167 481
248 92
348 447
-441 -326
-133 409
223 -197
-203 -4
265 64
-494 85
80 -73
-457 -467
-100 -392
-19 262
-355 -145
199 -336
272 -433
-456 -82
144 -206
209 179
200 33
-484 -38
385 178
-411 451
363 -159
-440 -257
-437 -89
232 105
326 -318
480 -162
231 -144
-267 43
-460 78
-252 -415
-495 156
-444 -332
-128 183
267 -442
500 72
372 -446
-51 301
174 -394
-347 367
52 -117
-150 -344
-169 -453
-448 343
459 65
162 342
-161 231
154 39
-25 -54
153 178
-413 -427
-70 -66
61 -482
22 -407
-6 359
53 -320
-58 336
-269 286
170 156
-393 37
-60 -144
106 316
431 353
198 -294
-141 3
-98 -210
-322 -155
33 -293
-7 -98
119 3
395 239
-19 -220
79 444
-273 -75
-402 109
388 -107
210 -49
-233 158
-427 -230
57 -10
-208 -468
-419 -282
258 -102
-417 -124
-210 226
-486 391
403 -439
-31 -370
-189 59
-26 200
-243 -462
-348 -453
291 -380
145 24
-199 -110
-371 121
-244 277
-473 -192
-99 -432
-484 245
-145 -168
109 127
-419 496
126 430
-343 -145
175 -49
-441 -178
-327 334
-203 109
429 -262
146 351
-390 -435
-11 -486
136 265
-337 -215
31 388
355 188
87 -5
-457 161
-73 -499
-367 -402
-79 233
-103 103
-262 -418
279 -186
48 -51
-264 345
-128 50
-294 -297
466 216
381 481
-382 313
-176 202
-2 107
-382 -205
88 379
278 -142
-50 -229
308 332
355 -480
155 -24
500 430
-18 -294
-385 251
414 68
-57 -189
297 133
459 -49
-427 -104
-484 302
397 326
120 401
-5 -380
-438 454
360 385
-170 489
439 57
-212 335
-338 262
405 -12
-18 218
-443 -4
-189 400
59 -225
-217 -38
146 55
-133 -21
-269 -50
481 -307
-190 -14
-137 -483
477 -157
387 -1
126 189
-28 -498
-10 -403
322 428
-406 -256
343 344
265 152
392 -343
-359 -446
-264 -284
-2 102
431 465
295 481
366 156
-133 -394
107 -427
160 247
373 49
173 366
-245 1
-446 269
431 454
100 -490
-168 226
-85 219
-416 13
-117 -144
372 260
319 -497
309 -166
-200 -147
-93 -205
-498 400
62 477
-223 318
330 281
-397 -31
-25 67
-446 -231
240 -365
-18 -45
-68 -179
-31 249
204 -238
-355 -400
-201 29
243 74
231 -338
-346 408
-320 325
334 -105
-323 -454
-49 -427
-207 7
208 -60
-430 -197
-183 88
449 -45
434 124
136 401
-191 410
-478 -165
-375 424
244 -122
-212 -425
-304 12
274 -123
246 -272
-327 212
-373 82
342 29
291 340
401 289
476 490
-493 285
-57 -483
-286 442
-253 383
478 -154
-324 -226
496 -177
82 474
-44 -146
353 -326
301 339
-377 -322
-35 264
-152 -130
-380 -146
439 -432
-419 -415
-281 -300
-293 -304
151 -294
265 -45
-275 126
338 -104
-410 -339
241 -226
-215 -351
-368 346
-292 -439
-422 482
295 -211
-235 -91
142 383
-119 -419
299 474
378 407
492 435
-9 417
-422 85
363 -216
-207 193
236 -102
-248 -164
-430 -492
20 242
-214 19
81 377
-22 -443
-181 239
-173 198
-398 -54
209 -412
-500 379
-251 -329
278 -239
276 405
364 185
131 -447
-437 263
450 252
392 168
-459 363
-41 -233
-486 424
-374 247
-188 53
40 -379
-274 -53
-89 -220
395 -69
488 -184
-191 372
-230 -116
-496 -435
-495 447
-274 -293
-276 -321
-18 -303
-63 -422
195 -432
-327 -281
6 216
-76 -99
-298 172
-363 113
145 179
-467 453
71 -127
-124 -89
101 -390
-414 -185
455 358
-272 -412
-76 248
-450 412
55 209
-166 110
-57 346
405 -278
-138 -246
-189 11
-419 -73
422 -492
295 -298
-68 209
482 97
-434 44
196 -280
292 -289
-480 -137
372 121
-97 63
450 308
191 -243
221 301
-274 -416
57 -175
-196 -412
-460 271
-226 231
11 83
-38 -244
354 -33
-160 443
-28 107
-465 101
-71 408
-493 152
-457 42
439 30
141 -315
430 285
-427 -382
4 348
186 478
214 206
447 332
181 17
-402 -404
-285 -296
-222 392
-382 -188
-436 -148
52 -215
-129 491
-98 -405
-207 416
-453 -339
42 215
-77 -454
183 -488
160 -293
-3 382
82 331
-216 348
215 353
-396 -112
-394 -200
-139 354
-255 -342
25 -147
77 428
-106 -434
326 151
-459 167
-244 -331
210 -331
-418 387
357 -248
110 78
420 -319
292 152
-346 -8
-115 460
272 377
-395 214
-442 282
205 400
413 -452
114 -361
241 -93
171 -181
-426 -269
362 195
189 44
210 124
-15 294
-131 255
56 -135
-390 227
-143 123
172 301
471 -414
-316 -241
-355 99
-270 121
451 220
-402 -187
-86 451
-156 441
-163 -266
-148 228
-286 413
-125 -485
-232 -24
-419 386
340 490
383 34
-153 374
-202 -65
327 226
11 -15
-55 331
-354 387
-132 246
453 384
-367 384
41 487
-339 -380
-233 446
-189 -225
14 156
480 -272
-476 -69
-364 143
-333 182
-81 236
-121 -322
374 162
-164 -434
-149 -115
47 170
-159 392
405 299
387 26
87 446
40 -33
-99 337
-371 251
-124 -91
-489 67
-149 -317
-354 -178
-107 -479
293 234
-293 242
-84 -387
-262 -331
-276 5
39 462
-235 110
249 329
14 -164
367 -99
-327 -160
110 84
289 185
-317 425
396 -82
20 357
174 202
371 380
-385 172
487 -22
-25 -126
30 476
56 -469
182 338
311 259
-417 -221
42 -377
-472 -43
-302 -320
376 18
-180 417
410 318
467 290
-10 -146
11 -466
-225 236
296 252
11 488
12 -447
-268 -287
282 -393
-88 -39
-389 -44
-432 -418
-31 -27
366 39
325 477
40 297
214 400
433 352
279 16
351 328
-36 271
325 340
-415 120
231 -436
269 -36
51 -369
-234 157
-43 -406
-207 -358
-374 443
109 216
486 262
-49 -412
368 -435
-79 -75
-148 -429
-44 -37
109 288
243 -301
-314 -190
-90 444
-296 160
35 264
492 -415
365 -495
-365 -288
-257 27
443 -288
-69 49
406 276
432 33
101 161
72 419
-402 -224
-440 61
-149 -305
83 -491
200 95
406 321
153 408
-367 -457
18 -269
-198 -300
232 228
-138 254
-373 -139
255 -262
204 -408
99 -350
-391 -126
-204 -290
-236 -355
-60 -430
-311 144
-28 -416
431 7
480 347
-9 136
-316 209
332 -112
-414 304
96 165
114 479
441 406
184 -199
-100 -209
-270 -249
-277 101
-20 20
-69 386
412 -144
-95 198
-168 -336
-57 174
192 -336
-366 358
-62 -281
-180 368
321 -320
-106 -368
-115 -404
148 22
316 102
377 86
81 -295
-105 -485
201 -394
-402 -452
391 337
-253 -349
491 266
-144 213
41 464
-41 -194
321 -264
465 452
-336 -106
-420 -118
4 99
-446 286
14 -220
-34 67
269 172
116 354
247 -179
-112 484
-76 -115
295 309
158 191
-2 -481
151 -317
13 416
-467 -485
349 -274
-28 101
-354 101
158 188
-81 3
74 -158
341 -436
226 229
-366 27
187 -231
-365 45
471 89
213 -194
247 126
330 -338
471 32
-316 247
98 280
-237 242
64 -97
-472 16
-215 127
-237 78
194 309
-126 130
168 480
-298 -391
-231 -303
370 -227
74 198
208 85
29 2
-265 396
4 -37
40 -113
-216 -386
150 -338
-500 120
-43 -304
122 -206
-186 446
110 318
223 333
458 -47
426 -297
-462 -182
-210 -155
-217 -35
442 295
490 -130
-128 64
-233 222
439 -406
446 -360
-171 210
266 497
-491 328
-490 -79
198 106
-159 -343
-372 -343
115 -201
-93 14
-202 40
-77 332
-132 61
-216 483
127 364
412 135
324 305
438 -146
116 28
120 176
-84 -236
-20 150
177 -46
315 -289
119 457
221 138
-62 342
-283 -196
20 -208
-374 202
174 296
-303 465
-71 213
-332 -386
155 474
-122 -60
32 -314
166 172
-481 246
-448 -384
-303 -390
-27 -459
445 133
-109 -216
-283 142
-154 76
174 -365
-410 67
-393 134
311 -241
328 174
-173 87
267 152
91 -229
-169 -149
275 211
-157 224
310 360
263 -333
456 117
-405 -412
21 -42
408 103
441 380
65 353
-49 -44
272 291
-499 282
-139 289
-268 18
-56 -456
-249 175
99 257
325 6
-25 -25
-158 -485
232 61
-439 -235
-43 384
21 206
-178 -7
-451 -73
179 -458
1 457
-388 76
-421 -371
-158 151
181 214
-62 121
-428 -212
49 -248
189 -138
281 256
84 -474
316 -78
158 357
416 -207
-354 -284
-452 -116
245 190
345 -203
435 69
-62 386
17 371
-121 390
171 249
139 -188
142 -373
-257 463
287 27
196 127
-262 77
262 -169
302 464
-146 482
-325 424
-114 99
326 -327
-275 220
419 185
-38 -145
-495 -169
-227 -46
-148 108
-373 -203
-328 -411
-285 -420
-345 172
-317 -14
382 -212
432 166
-439 196
-8 -93
-182 -423
209 -144
419 458
-60 297
258 -270
-333 -358
446 -231
-304 -329
-465 -402
-83 224
218 -167
257 486
422 286
252 228
-187 -201
-180 76
71 163
305 -423
80 -119
500 -399
408 -180
341 254
-456 -244
446 320
201 -149
-87 -127
336 209
-403 -149
-186 -64
445 -35
256 422
-44 4
-163 -232
255 289
-167 204
68 -171
-38 237
234 -413
255 -448
-190 -271
14 -417
179 -150
291 412
29 186
329 -399
-191 -290
375 -379
-75 -168
367 454
205 60
246 70
-76 -294
-209 16
379 -491
-369 -69
-242 471
-108 200
-448 6
418 276
-403 -54
-90 416
-78 245
-116 -477
-141 -231
94 426
-358 -305
246 142
467 433
226 -373
496 -445
-110 416
65 443
-310 114
30 -409
471 251
76 -197
311 471
-471 -364
16 318
479 -185
333 395
-202 281
217 -478
-281 357
-72 -227
-439 288
-15 460
267 -85
-70 427
339 2
247 -382
-353 -71
-20 252
446 -14
-257 -356
-417 -268
-158 -107
-369 52
-152 -420
-451 270
152 228
-47 75
14 -84
72 343
-311 -223
-51 -172
210 19
412 412
-163 -76
120 294
-429 -95
445 -465
-401 349
-336 145
-338 439
469 39
360 -217
-14 -21
-311 299
337 -401
-196 246
424 -76
-357 -413
-420 393
-411 -220
28 56
131 0
-376 -323
306 463
-323 224
470 311
284 189
7 495
-401 62
356 -468
-492 -388
-418 -245
-497 401
-476 274
65 338
-29 257
51 271
229 52
-64 385
-293 268
-230 -80
139 200
-461 317
-419 306
267 455
7 473
450 32
152 428
487 47
165 150
15 173
485 151
102 207
61 100
362 -464
-9 -154
-99 120
59 -269
17 -274
-201 -490
75 391
238 156
-468 -419
-373 16
-119 62
340 170
-483 -34
45 -424
231 373
433 344
85 362
94 46
-348 219
-203 -279
-150 -319
300 453
153 441
250 -336
222 313
93 174
120 83
-477 45
-437 -65
-402 204
122 47
-262 88
-401 -148
142 -29
220 -102
-333 141
-106 37
-79 159
-2 -326
-74 -355
-332 88
-257 108
-419 1
61 357
-164 -359
-200 324
-396 -362
-287 -379
-495 -158
-463 -134
324 -273
118 -62
-384 -30
-430 161
438 -191
-405 -341
155 -395
-36 90
309 -375
59 51
35 -263
-494 281
71 207
335 -224
171 346
255 -383
26 -418
390 -184
454 -26
-443 -367
289 -378
-51 -71
135 -136
-289 -132
-35 -67
-17 119
499 -477
246 -394
-107 -25
173 202
332 273
-130 -345
-447 -173
-164 -260
41 143
-71 389
-490 72
-317 -421
89 -300
-274 -66
-153 -139
264 441
-116 -278
38 -467
-64 -55
55 67
-432 -210
7 173
326 -117
171 243
361 -388
-118 -167
-289 12
-487 -239
-362 180
456 192
122 -319
-333 -283
-39 308
-421 -238
-151 -383
417 -102
-209 -116
323 -416
-452 -166
-49 396
150 -15
-219 -226
-181 -478
493 239
-82 -19
-98 57
-222 -249
-36 478
-201 97
-186 -279
480 418
13 -121
-2 -11
163 79
-255 72
243 -200
-336 456
-29 413
-463 -246
-49 -383
494 429
-170 324
330 -325
14 -163
208 -359
153 -126
475 205
36 208
450 -290
-494 252
-117 -31
-496 476
-393 222
-1 -251
183 391
-289 493
-334 412
-42 -374
443 302
135 84
453 -329
500 -223
66 -225
-20 207
-476 -77
259 -325
-17 46
-143 250
470 414
4 -277
-321 -27
387 -321
288 -130
-123 180
409 275
-324 96
-236 183
-256 65
-362 -144
-358 -135
281 -123
211 -469
-215 -262
-55 36
286 385
404 -421
500 378
-388 -281
-43 -439
-277 405
90 58
-83 27
349 197
225 336
220 -201
480 399
-401 -185
-210 53
-380 -474
222 250
-333 305
-277 -162
-95 100
-75 300
348 210
-40 449
98 381
-49 -352
-119 163
-321 171
-26 277
208 -253
-403 283
-34 246
-88 62
-431 352
-84 444
-53 -121
-60 156
-62 312
-71 -407
286 -485
-114 -309
464 -117
-480 463
-49 -175
-185 -171
301 -70
4 302
-257 125
76 158
-405 -72
275 -174
-467 -402
-332 -97
-60 -401
46 3
11 -168
-414 157
62 312
-367 -273
289 -223
297 -135
212 151
136 -366
-234 419
-181 6
-334 118
444 259
-222 452
-464 50
208 200
400 -68
216 -93
211 371
-108 -452
304 -400
33 -170
-365 223
-134 -364
251 490
234 -169
-188 232
77 -132
-339 -485
132 -192
-28 -317
-444 -131
-13 -244
354 258
-403 -395
32 2
-232 -93
100 -467
433 482
363 -95
-419 421
-36 398
-96 44
-477 -416
-228 81
44 -449
0 -141
452 -204
153 -128
-465 -11
138 -378
-419 -316
172 -448
467 -485
-293 472
-409 214
-366 336
-87 -337
-465 494
-470 295
265 218
-106 275
69 436
-352 -324
-125 -331
98 411
-476 -260
117 -419
271 397
122 -128
211 334
-387 -91
-227 304
-242 406
428 -453
-346 65
-128 348
47 -113
329 303
-165 161
478 -373
-14 -53
-488 -396
-225 465
365 381
-1 -61
98 -210
-398 151
467 317
196 -301
296 -422
322 431
-439 283
45 498
19 313
-276 -248
150 -132
-370 316
414 -317
387 363
-301 49
-365 -87
487 402
94 107
11 -328
-304 133
-78 95
281 83
-281 -367
163 -193
72 65
374 -361
-177 62
500 -126
-485 154
382 9
488 -273
351 407
-338 -251
301 -146
189 112
-446 332
261 92
-411 315
218 247
-405 -318
156 -395
-163 -231
-140 448
397 -212
-302 301
338 -230
-220 -63
-288 118
425 66
-75 415
298 -299
-319 218
-226 444
346 -469
-38 -75
-353 138
436 -201
208 457
-298 275
91 -386
202 410
241 -450
-346 -105
469 -70
199 -320
219 348
7 396
-204 -393
-354 233
-350 -439
-108 -316
-181 447
-440 161
-200 116
-339 371
58 -364
-387 475
-138 170
15 -397
-400 28
408 3
15 440
-14 145
-226 5
109 -348
250 26
-290 -451
-187 -421
317 -137
169 -297
-396 181
-452 -375
-223 -440
417 175
336 346
-414 279
242 -44
85 -447
486 -39
-328 -365
23 307
-89 216
-144 -195
83 200
-166 -109
185 194
330 418
296 398
360 155
-44 -218
122 348
-45 -366
-334 126
-339 9
199 -390
-210 -228
-7 480
-320 -405
-186 62
-337 401
-259 -169
-98 385
-82 -79
-169 236
149 -461
-267 99
422 -324
-54 -431
-438 226
-66 -199
-115 286
-397 98
-5 231
-12 -44
-483 -86
297 -45
-425 -194
-463 39
191 -211
38 -239
153 -127
-279 468
-146 -348
-500 -461
210 -111
250 -128
385 -278
-287 -478
31 -129
-381 198
-131 -423
-123 -482
-181 -487
-155 -40
-418 -99
-49 108
63 -472
387 353
120 325
-127 326
47 -496
105 -149
-33 -290
-477 -223
268 47
58 186
-70 -161
-314 214
-116 -202
-174 208
56 -13
-217 212
-353 425
365 -157
175 -363
-442 -124
386 301
-146 -417
-239 106
304 373
211 -392
-59 -165
-397 -219
-110 -326
-460 -480
340 107
3 -236
468 -495
-12 396
107 -369
-442 222
-377 225
-499 -447
-158 107
-353 232
-188 -220
353 214
-83 -433
249 323
-59 -261
458 -166
16 45
337 -245
-484 453
-149 303
122 -322
-459 140
55 91
456 414
-46 -273
-324 -457
-479 345
455 142
-456 421
310 -7
137 370
177 -437
354 173
-379 -53
262 438
-99 -102
127 395
318 -244
320 372
103 -7
-105 494
411 32
-357 -222
459 -21
420 -73
279 470
-403 -249
-249 416
58 58
103 -221
482 144
436 -183
-318 -128
201 253
262 -245
412 97
-388 -251
428 -289
346 137
-239 107
-295 -411
163 388
-18 -488
-322 -66
-255 374
-144 164
224 209
254 182
22 101
-237 -23
297 -483
-438 88
208 -306
304 -353
-189 -17
-306 -214
-154 215
-190 416
-322 110
304 190
253 -123
70 -148
294 373
61 -56
-20 -385
237 98
-427 237
-269 157
-28 482
-477 412
-157 263
-271 -395
63 -497
492 392
-18 -301
-443 -105
65 -211
-391 -79
-211 127
443 -408
-304 -486
-300 -328
-196 -244
362 383
-445 428
109 433
293 441
-218 203
388 443
406 -228
-341 -26
-177 169
-186 260
329 96
265 -43
-416 277
310 -456
456 -485
-193 -198
-292 -396
-13 -288
-28 -7
208 311
-232 208
-137 186
-152 391
168 -416
-483 -49
-455 -324
362 99
269 450
342 250
-8 136
322 335
94 115
-178 478
-488 -183
429 32
-158 167
-282 472
-375 311
42 400
123 -43
-124 -402
20 -212
341 129
-176 168
12 438
-358 -155
399 118
-178 -424
-75 -132
203 -463
200 262
172 -479
443 -241
168 258
446 -127
-400 146
-136 467
304 358
-421 -137
256 157
-120 234
-472 191
300 -372
-436 408
76 231
264 -8
92 -377
-375 -319
39 103
-225 -208
-330 -430
-300 -235
369 -271
190 480
-238 118
-251 -201
-15 -131
380 249
-284 -294
484 453
-123 -207
-421 -165
-2 249
-420 433
73 -364
55 474
-78 135
-43 373
328 172
-361 102
215 -354
-300 -18
458 -17
-9 372
-39 -171
-428 121
372 -185
66 -214
-102 -349
-33 -428
-43 330
-341 387
29 158
156 437
5 -395
168 308
433 -261
94 110
-17 206
-441 -106
107 -104
-479 393
-455 166
379 405
-348 -178
336 327
-215 248
353 -393
-318 16
-494 -144
415 171
286 311
93 -221
-381 291
-264 -178
133 107
144 -100
153 -493
-326 -167
-265 319
289 41
-428 -219
-318 -276
-96 -117
-5 462
270 213
115 21
385 100
52 454
-420 -125
-210 -100
-8 -335
-114 100
-5 -327
-230 186
-196 -50
442 231
177 219
-350 -421
-412 274
-29 -172
403 262
-475 -395
256 428
209 -397
199 -119
-85 331
493 46
31 248
188 152
-203 -372
-124 -84
-177 -141
174 -3
-152 414
45 -78
-45 220
-18 446
15 -385
170 103
-121 83
-347 -6
-275 393
-56 495
-189 47
56 83
85 -21
-35 290
-29 -466
200 87
43 205
-279 196
-387 498
66 481
-18 51
-305 -474
-181 277
-334 225
496 26
232 -434
-192 -429
47 245
386 -393
359 86
-345 185
153 365
-293 62
131 286
-304 -473
35 -118
23 246
-215 -480
-408 -259
156 -280
1 -201
-53 168
-497 259
-190 1
-5 -151
254 -199
489 -31
330 374
-228 -213
-8 -464
194 175
89 3
-165 236
57 27
350 65
-492 215
-283 6
-433 69
288 69
205 -439
68 116
462 -43
108 -197
-172 -271
168 -12
3 -327
284 -98
-357 15
122 461
411 -91
428 69
-212 493
168 358
-375 -309
-373 -74
90 80
-95 -13
428 433
-396 30
445 -229
-427 -402
277 500
198 79
498 -72
483 269
-494 -482
-455 -256
348 395
10 -316
-53 259
-382 -94
-207 -316
289 -309
414 -440
-407 -488
-333 392
-8 36
199 -223
-293 220
319 136
157 -249
151 302
-152 -449
-397 -390
140 -62
-305 -175
167 405
378 -492
-257 -24
-60 -31
46 46
-282 -477
-373 123
-129 402
358 -351
297 -336
232 354
-241 -256
-335 -115
373 352
167 225
-475 -486
355 86
-179 -77
-199 94
-247 -175
-20 -446
174 -185
288 -29
288 -305
-170 135
309 469
-477 10
-345 -356
34 -178
49 24
-217 -243
-39 -311
-18 320
336 308
-140 -431
329 85
-12 -84
369 -95
-114 483
-241 -2
286 280
358 -50
141 -312
-86 460
143 185
-333 -196
262 483
317 -226
-21 -249
43 271
-278 48
297 184
261 -396
-6 247
257 -354
-209 104
-338 343
-137 -263
117 -408
8 -236
-397 -121
-406 -188
-85 -46
101 -340
279 291
-454 395
-427 366
-64 -53
102 -46
-40 -117
445 -37
113 -318
72 -224
-184 -207
67 111
293 399
-72 -13
400 141
83 441
-179 -229
-390 488
43 -400
-28 85
-173 226
418 -294
213 -17
83 -217
457 -229
-289 126
100 -369
-254 136
-145 6
-165 -142
238 237
-393 314
434 -196
-405 -264
333 -395
141 327
-239 7
208 -31
-273 -27
-132 -234
-452 51
420 320
-260 176
-83 -31
342 -401
148 443
311 -218
212 -122
403 339
-248 -14
71 -417
3 -128
-344 -440
-296 311
-59 20
-141 -372
-260 -344
-245 -366
-323 306
-115 -386
-142 455
-22 108
484 -470
6 -405
485 469
483 102
499 455
-97 -310
-86 -247
-222 165
204 190
170 -472
-135 -250
425 304
285 195
-399 -121
140 382
352 -90
432 -445
-34 -20
44 265
-365 362
432 -352
-130 420
-4 -177
90 16
-70 376
-115 -315
345 -38
-382 258
-486 -322
220 -69
289 445
490 474
-402 48
463 -345
-241 -11
-174 -224
-473 418
237 222
-341 446
-420 -257
123 -20
61 -405
329 -245
366 422
-136 470
179 325
-235 -416
-198 299
-444 335
54 -319
-440 85
409 137
-261 389
380 -424
-259 65
-481 -76
217 -2
143 264
99 -52
173 -459
-28 -208
239 -7
274 185
-399 58
-271 -185
-126 -154
460 314
257 297
271 -286
-196 -236
80 442
355 -340
-343 -90
148 77
-8 239
498 -454
157 294
-274 -343
352 -287
134 361
342 -439
-178 -355
-437 227
357 -358
240 52
205 -243
-49 451
429 199
309 -195
16 110
-194 -4
-88 -55
-90 -343
-5 -126
200 -198
-36 -268
233 -9
-303 155
-419 353
11 -491
191 -312
148 -308
369 491
125 -358
-371 -241
-13 369
-484 14
-297 -364
55 -493
-22 -309
-387 -254
-35 432
-197 -134
98 500
331 228
-277 314
-307 257
389 378
38 79
29 -245
-169 -179
-105 -318
272 363
21 -348
-429 -285
-352 -80
-461 -467
-396 -284
-404 83
270 -318
6 491
-163 198
231 440
316 370
-418 -16
-371 355
-141 442
-324 272
77 -125
81 310
348 -459
-195 -432
-78 113
-438 -433
-356 -295
108 391
74 -293
-392 142
-286 394
-106 -226
-1 -271
136 386
20 -72
-200 188
-222 51
50 -347
185 280
-328 155
-309 -149
-412 -151
-130 -8
-407 -395
491 -294
111 -291
16 -428
-207 -211
368 -335
-37 -97
-84 39
-96 393
-385 -323
-80 50
183 -324
-487 121
-495 450
-233 -99
472 -173
291 -306
-144 439
-343 -200
-456 119
499 -373
284 -400
-344 377
-190 411
-209 376
-22 203
147 6
401 40
-80 190
-243 254
455 -389
-110 -22
-339 -199
169 -407
-454 -448
-239 -271
433 -360
175 -247
-112 80
392 288
94 390
-205 433
294 111
339 -395
-379 108
448 -216
-292 -3
-120 88
14 -200
473 -285
349 -135
-347 353
494 291
-11 363
-351 409
305 290
21 -342
-457 -420
462 -47
27 -253
196 335
204 -119
193 -380
-461 59
-168 35
-474 290
141 -415
-395 494
-499 197
397 -174
234 -264
-249 -193
374 -34
72 120
-244 133
36 -97
286 -43
-438 -81
-115 -449
13 375
189 -352
-130 443
73 -342
-166 382
-169 -322
482 444
-353 -51
226 -309
-89 -137
466 237
434 -157
76 -64
133 -241
49 -50
-276 76
-216 430
21 -208
-58 -320
-144 -193
480 424
484 444
-391 -89
122 136
41 264
401 467
359 295
-8 -245
216 484
50 -64
41 396
-11 454
-403 284
396 128
-164 66
-88 338
-218 21
253 123
-453 177
-143 15
-362 139
-130 311
346 -106
285 495
-320 -291
-127 444
176 253
223 -88
379 -250
262 -40
231 71
-353 314
-476 497
387 -163
-325 -209
-187 -239
-223 -330
-102 -38
70 -279
-245 -93
-223 21
-468 0
185 247
-455 124
-314 224
-296 368
168 459
163 -221
-197 -425
402 -188
-78 194
439 -369
43 -431
470 445
288 81
267 393
-248 -367
-488 329
-14 342
-495 218
167 475
262 -210
301 -253
345 -372
436 -108
-335 -24
-452 -243
-197 -480
216 79
-447 58
412 471
-3 -359
439 -414
376 413
295 298
-90 -298
105 472
-14 499
-276 171
201 390
-337 -75
126 -243
352 82
-188 112
25 -148
225 -166
38 221
-343 -128
-166 119
-440 -435
-278 -192
12 396
-150 -84
426 131
-74 -41
393 -166
-430 -183
-322 -115
-85 -355
23 233
-153 53
-210 237
261 -401
-374 -74
-296 64
428 352
451 371
-286 430
229 -324
-367 -208
218 50
479 -278
-456 -278
197 250
97 -382
-89 224
293 -416
348 -426
482 -435
76 -374
389 -401
-71 -404
-296 -346
-361 -38
-219 -447
92 -81
7 418
-499 -99
105 -484
-85 -93
-474 -300
299 -281
-289 -90
25 193
405 -31
-55 72
-403 -450
-44 -231
-127 305
143 301
-401 -150
-289 144
124 -180
489 -211
282 -260
-404 -28
-68 -478
-243 -450
363 495
-400 -151
-79 -500
96 230
-249 149
-343 294
-406 60
92 363
454 -257
-170 386
267 37
-370 358
-332 -100
152 438
-341 408
-320 -26
-282 -428
-1 84
-7 -277
414 -480
262 45
-318 -177
-420 367
-74 -462
-203 281
460 -200
191 -152
20 -34
-361 350
308 -12
172 -418
265 237
-424 -298
154 90
72 -64
-153 -233
147 276
-491 -69
285 376
448 15
73 456
370 -410
-369 -423
67 -272
285 -258
115 82
141 19
-406 -39
-181 -189
-146 -173
-232 -163
13 226
206 -430
446 387
472 -246
431 -208
2 210
99 224
76 -366
-188 -358
-224 341
-90 227
-385 299
405 176
-309 251
215 -109
-131 -76
435 -17
-312 432
-389 182
231 91
6 24
460 250
-312 396
275 -367
-106 204
290 373
-219 339
-279 -275
268 -277
-227 150
172 494
438 -208
80 382
211 -85
-98 107
-202 210
207 370
481 -308
-123 -499
-249 184
500 -42
-335 -171
190 -46
-451 353
-383 421
81 60
-320 -498
-304 -203
-356 -323
-299 454
-190 17
-455 -489
308 -270
-372 -466
465 -64
109 -267
-25 153
276 5
-216 -194
447 -452
194 48
-279 -227
472 -203
348 -96
-475 115
194 -319
496 -380
454 -317
-19 -24
414 -45
142 -323
178 -438
-234 395
365 -458
341 -465
88 -151
-56 -236
-387 5
256 -416
331 -465
445 494
-211 128
-384 128
-62 -375
118 -369
55 97
-249 -45
265 329
-446 -119
-452 -261
-162 -459
182 -118
221 55
176 43
459 -91
-227 336
241 282
350 -399
-204 105
446 58
467 332
-35 -473
-40 -218
-440 -159
447 328
495 -412
-127 383
-463 75
-96 -36
-246 87
285 -462
-67 276
-412 455
-291 -266
406 -230
289 -23
-467 -295
387 68
-135 112
235 -200
428 -95
-471 -46
54 226
491 -18
496 -302
-38 -46
340 91
407 -11
-75 366
-378 -229
-494 -1
-17 233
-457 153
328 39
-132 397
136 -216
347 -220
250 54
-450 162
-357 259
153 -264
136 88
-333 12
482 255
83 -446
140 427
16 127
207 31
-121 -396
-115 376
122 431
326 349
-339 -223
327 363
-111 106
-273 461
-334 -227
54 120
11 203
355 -84
175 -478
-155 -126
301 -111
-451 -361
-218 -388
307 325
348 -328
-260 -270
49 -252
-154 -249
-365 -90
-333 145
-285 22
-417 -270
110 231
-295 31
85 -80
-237 -2
469 -113
-156 217
192 470
-165 7
-276 -278
-271 197
150 -89
-176 0
-357 425
382 -2
-214 -21
139 8
-114 36
316 281
-123 424
62 193
170 -219
-453 368
274 -187
-268 -137
-38 339
-2 317
256 -73
-394 -224
-350 -30
354 281
-1 211
494 -328
401 393
-10 496
-207 -421
-411 310
378 304
337 348
-388 -410
117 399
407 -378
112 221
334 10
-246 -88
180 -205
-389 -12
42 -123
-426 142
-165 187
-314 -62
-153 427
455 -330
-464 -355
162 484
340 -355
327 -49
-171 129
-468 -352
195 -343
-176 -132
132 449
-418 -76
455 395
-8 156
9 345
-95 282
8 -178
199 -153
76 -355
379 -285
331 460
11 -282
-324 339
-270 -90
-322 -392
-360 -1
-478 20
-408 161
-152 346
-335 398
296 40
-470 -69
463 5
340 -129
-318 -159
-237 249
208 237
-426 274
-3 179
-410 -292
264 184
27 -29
463 -179
-328 363
-252 404
77 -352
457 131
-329 -31
148 -326
-194 -459
222 -469
131 -348
-100 -343
-139 -262
498 481
-209 464
6 261
-240 -72
241 73
-116 41
-5 419
-18 -76
314 116
-319 141
-166 384
62 234
-161 112
266 -496
493 -386
480 -481
-179 110
-301 -186
483 -420
31 478
-204 -367
141 114
58 133
137 277
-216 272
407 218
-72 -54
38 47
-311 -104
359 -135
305 355
-165 -430
-36 -11
457 431
34 -375
-390 -499
-103 -476
500 386
-406 -473
-235 -442
438 -414
-275 -160
12 338
6 -344
-298 -483
-382 281
-348 -93
-96 -373
-103 -56
-113 434
-296 -104
225 -108
-212 215
300 -304
431 -22
-132 229
252 -301
229 -411
-411 -72
468 -208
-169 257
-265 -139
425 -157
-12 131
442 480
-356 -482
424 -15
-33 27
270 -126
-16 -37
-364 468
20 -6
62 336
-195 450
-205 217
367 189
-362 -361
241 -35
-478 293
-434 311
-211 -88
-333 -204
190 -355
-93 -39
-275 62
419 -259
-193 -47
-429 434
405 -112
370 -221
-431 -401
-299 357
-450 -417
459 -414
293 -481
178 -207
-334 -359
-56 -387
342 72
-55 432
491 334
349 -245
-97 -90
-490 -306
-440 -85
108 -415
8 179
17 83
402 -111
161 -476
461 198
202 265
326 -460
-64 -394
414 -173
-178 -334
84 174
222 48
64 -175
-282 -151
-138 296
441 -266
226 -68
86 130
141 191
-271 109
-211 38
381 -160
-173 -190
381 -294
-437 -39
-38 144
412 352
204 193
163 352
-115 -72
199 407
402 -461
-288 -410
300 -388
329 443
-500 320
248 -171
-246 336
29 -11
-252 252
-200 449
442 80
79 459
-24 -39
269 28
91 31
-294 304
148 28
275 -43
-317 -419
363 -15
400 92
-227 -167
243 -204
-354 -459
-472 296
335 -354
224 403
243 -2
-403 428
-122 371
470 -183
-24 -277
493 -395
194 314
-330 -262
301 -271
211 340
142 238
281 343
-487 230
336 -136
326 78
447 238
-235 -310
228 428
84 182
423 181
-400 144
82 -474
-39 -369
273 63
152 342
206 283
498 137
426 -434
186 207
330 -165
-175 210
-63 421
-142 212
186 6
267 -104
-206 435
-413 346
292 -82
-60 -459
198 6
-176 -173
199 4
-143 143
281 -304
474 -288
-56 -353
238 231
-490 360
94 111
176 499
-431 -246
468 -207
-468 -385
46 -64
29 397
-10 -432
241 171
-410 -131
322 -57
-349 321
-141 -126
-144 338
58 38
-323 -251
-339 -313
-230 142
-8 256
89 407
425 187
-67 121
-71 -300
66 99
-476 -49
268 297
373 -246
-221 -447
-415 328
78 269
97 -365
-300 204
135 168
-239 -312
3 411
-387 255
-498 462
267 332
209 331
-34 2
240 -370
-164 -440
144 435
-184 -344
308 205
-425 -261
118 199
-152 -12
89 330
-14 -75
369 159
-232 -264
-261 124
-248 402
136 -278
280 -451
381 5
434 -396
-155 -79
325 -482
-28 -257
-211 -113
4 -414
154 -274
-331 -433
235 420
-204 -412
-194 -412
416 -99
-443 111
-160 -172
357 -405
436 62
-247 124
6 -15
131 416
495 -439
312 69
307 103
414 166
-319 -187
113 61
-182 -37
297 85
499 402
-455 -216
-406 -129
47 -455
-192 -116
293 261
479 -198
-40 267
233 373
302 -67
310 -131
-340 86
104 32
-198 220
-80 -185
211 421
-325 -51
-127 148
434 299
-173 186
475 -254
418 -395
381 486
-311 -406
187 -140
120 -97
386 55
-326 -333
-110 55
124 -443
-219 13
-343 -298
-58 284
433 -349
-182 22
-77 184
-416 -169
227 -12
177 53
-145 167
-487 64
-81 125
-272 -234
-211 389
110 -475
-278 -449
-86 445
443 -18
71 429
55 -433
349 -247
-163 -123
-434 205
351 -251
460 171
-337 356
-390 -185
309 309
-484 -152
3 232
43 380
100 -56
-159 -25
-408 496
-443 256
270 398
404 -440
494 337
342 -294
-180 7
428 249
466 -361
91 -7
46 -116
-420 475
-21 316
-307 -416
35 0
-250 96
420 -234
-384 -183
-335 -318
375 426
162 108
-56 -202
96 -206
-105 -457
-4 -207
-62 -387
-23 65
137 -31
85 -316
-417 -155
-73 397
92 401
442 497
394 367
491 -85
54 133
241 126
-396 58
185 80
179 323
-370 -356
-449 260
454 -70
152 235
-313 312
386 188
-100 -301
236 132
-154 -472
-359 -265
-283 -243
76 78
-301 -364
-133 -13
-326 46
415 52
211 500
-366 281
-329 -245
89 474
13 -335
60 -203
182 438
54 441
464 -314
216 -104
85 -402
-244 368
459 -137
104 331
433 284
-212 450
253 -250
162 176
190 -124
-309 144
-307 327
-499 4
204 328
-262 333
-499 346
440 -253
-278 -404
-471 6
358 -371
-154 -107
62 226
82 -82
-35 259
-290 -181
-197 -301
-177 -300
-64 441
-491 -214
180 -82
359 88
314 330
-455 -279
93 -288
-202 -116
-62 203
-20 97
107 97
-150 -191
-2 -381
-452 -232
-78 432
-377 -192
-239 -479
105 -179
239 49
37 247
314 105
491 -372
-192 450
-51 -250
293 76
-108 272
-90 62
365 451
-267 239
-295 -496
-375 -227
-498 117
-415 -413
368 -32
-300 311
33 -253
230 -87
-15 -202
124 176
495 171
-97 -19
-211 205
-402 83
-355 -53
-86 378
-342 -302
261 382
488 -251
478 397
364 306
419 129
-362 451
100 84
-62 320
414 372
130 346
-330 358
-220 28
260 61
31 -122
-249 378
296 120
152 155
176 449
-186 225
-240 6
76 85
-474 -20
247 337
-166 -81
133 183
295 -497
276 -478
-218 8
-264 307
-41 369
237 -142
481 498
407 -208
-247 -82
-450 -222
-75 -190
154 -136
300 -284
-455 498
-328 -484
-359 -237
57 336
-419 113
293 -102
21 164
-248 -83
-163 24
-254 437
-395 -429
-145 -162
-371 16
-417 -472
-229 206
-227 -60
-419 -224
-202 -193
270 335
16 217
-79 -471
99 -135
-202 -422
98 305
151 190
-92 479
-324 448
-476 -222
204 154
-187 -329
409 9
-388 -62
-17 165
-103 -38
-155 -288
-319 -195
-206 -176
-79 356
302 480
-347 -134
169 287
396 -423
373 -392
-472 468
30 336
-173 466
246 -228
-121 90
-374 -265
324 -283
120 -148
-462 -366
-280 -409
-183 -9
489 -64
103 -263
391 -41
-68 -403
-109 203
367 235
-88 350
-169 -326
-332 192
-129 359
-90 178
325 -254
195 -382
-182 272
-134 83
68 338
-1 440
165 -20
-69 -494
359 462
498 -429
-451 -144
-76 464
-144 -420
-331 -463
463 222
440 168
-209 -184
86 230
37 -62
236 45
-239 314
56 167
-102 -240
-496 362
500 -197
-136 455
-133 -264
-130 162
-113 -474
-77 440
61 -138
-63 69
-335 363
38 460
51 -62
-216 240
441 -141
-368 88
-353 -56
-71 -332
381 -312
-497 266
-224 -184
-302 454
-147 296
289 87
482 -494
13 -367
330 143
433 73
398 -193
423 -23
-304 383
469 51
-262 -36
-416 -98
-37 -202
-135 -257
73 -4
220 -1
209 -203
-158 -473
259 396
60 25
85 -133
-373 -377
120 -264
-95 -455
-143 -334
253 215
61 434
-112 -405
-224 -3
239 -320
-181 199
-498 -160
257 302
500 -468
-46 -139
-500 220
-380 98
134 -83
215 -495
-261 487
84 282
-257 -334
-161 -386
474 -303
-143 -456
117 35
199 -232
-415 -79
229 -377
338 167
-293 89
485 -322
-75 -311
-42 484
-105 -183
-443 444
344 -116
-88 133
93 170
-317 434
-499 -234
279 -428
122 -379
-74 479
312 92
-9 118
-38 -277
413 -117
-158 382
25 330
-324 466
197 148
-216 -207
-395 429
-48 414
-294 108
-228 -101
325 -122
-128 303
175 220
-77 62
379 157
257 156
363 77
-200 261
163 18
375 184
412 -201
452 137
387 129
-465 -134
469 -112
365 196
31 86
-340 209
24 106
-7 348
288 -150
-369 391
-357 486
-36 10
-265 -347
-292 -315
38 483
76 131
-364 -219
38 241
104 193
-346 -300
373 258
437 -468
3 85
-407 -458
-57 414
-384 -317
237 -39
-76 -469
278 298
204 459
-435 -422
313 472
337 -309
-317 374
335 -272
-228 292
-481 394
159 368
53 12
-91 -170
367 323
-41 -372
322 -407
-18 113
-127 -219
-409 -55
151 410
-253 -486
107 -193
-208 -87
45 297
348 -388
299 169
264 -154
296 331
115 -351
192 -212
-467 260
-462 424
39 449
374 182
-129 457
-142 -448
343 38
-334 -171
-150 -226
30 -115
-97 488
40 99
316 335
-218 118
-118 400
-461 468
384 459
3 243
130 221
473 -293
-96 -56
179 326
-61 -391
-495 -162
-123 144
-48 -337
-437 7
47 110
134 -43
50 130
373 -211
327 307
348 -54
-97 -240
-9 -327
-370 333
343 80
-423 -428
-140 238
370 467
-404 232
433 407
-361 -87
328 59
-198 -155
320 -332
399 -252
-329 21
-465 142
64 263
-308 335
-79 379
-75 -108
345 160
-248 32
-337 -367
-329 -447
190 -396
-9 -439
-162 167
350 130
246 -251
112 257
4 -5
251 -302
140 485
-261 218
7 211
-244 205
458 -191
-194 261
351 -189
-230 87
-17 -462
96 1
106 -236
-101 152
398 -185
-211 -169
-202 -140
57 402
135 380
405 -424
-123 -292
-29 -451
136 314
296 1
-27 -327
-395 -375
-267 383
-18 358
-254 492
495 -426
-415 414
-62 463
192 -59
-226 -224
417 -28
-200 -488
29 -469
96 75
-438 293
-265 217
-186 191
17 -429
-367 40
-381 -180
-378 281
298 -131
495 -9
365 256
-68 -235
315 -273
397 426
29 220
-176 277
110 348
-143 -109
-350 -484
140 28
424 -48
236 166
144 78
451 60
494 321
144 330
-46 325
-34 -364
-293 -415
-125 460
-127 435
105 118
99 401
-117 -221
-127 52
457 38
-326 -303
235 493
450 329
397 -98
-24 -351
494 158
-243 -29
448 181
443 -98
-249 -286
118 -454
414 168
29 -61
-368 294
222 299
-153 -246
-16 -366
-314 303
-91 195
264 -499
100 39
-225 231
339 -478
454 -192
-82 353
-339 -341
396 -428
13 2
92 279
-378 -387
138 -277
-293 150
-130 440
-310 461
-187 -68
251 19
37 -271
-472 20
95 191
33 -212
342 -375
497 247
-293 481
81 -51
80 -338
333 -387
-282 281
-123 -194
-337 290
-266 462
-309 -105
-201 344
346 375
415 276
-154 10
-132 353
488 32
142 -379
-145 76
325 439
424 -191
-93 197
-31 4
-405 -342
-445 -32
-478 -120
192 80
-48 -314
437 -27
-180 -241
236 32
183 143
42 -154
238 -57
-156 362
34 204
267 -296
260 -82
322 75
345 -345
-426 183
133 -331
120 200
486 271
298 283
331 -488
411 -79
-363 94
241 -276
297 391
-487 -456
-271 67
263 411
-211 195
-185 105
-284 -128
317 -398
38 -70
428 -293
-347 -172
425 -342
468 99
375 -437
391 418
-388 -493
-421 284
-77 -373
-207 278
396 131
-146 43
-405 -239
-322 451
-133 139
-453 140
-368 94
-22 -487
-345 -319
-101 216
-375 -449
-447 12
239 450
-471 367
20 65
112 -390
-386 58
470 356
146 208
-472 -331
-68 72
204 86
95 -124
162 260
-78 137
-489 -190
266 20
-150 50
-272 287
259 62
-197 -217
-492 -128
381 -489
-319 103
-399 -437
344 -21
-126 -58
-287 -183
419 -342
-29 -84
53 348
53 -386
207 101
-461 -42
-126 409
99 76
143 -280
319 -292
175 229
271 -365
-154 313
-387 469
-58 -21
326 448
-123 -168
-163 -154
-8 -206
-134 468
238 -138
218 -25
-16 -341
160 -355
-300 -276
-220 -167
100 -463
-68 -229
-56 -81
234 403
279 -223
-182 97
-296 -127
-106 -19
2 -131
-448 346
-24 -168
-276 -133
-225 -412
-65 -174
127 178
382 -126
-412 167
-13 173
336 260
43 244
-453 458
-183 -5
111 70
-200 134
73 7
-297 439
412 -114
353 -379
168 441
-177 -483
2 -389
499 -189
-469 -22
440 -373
17 -125
34 384
-16 -176
-30 37
-248 14
-262 -136
83 -235
-405 93
-429 -411
-376 -35
293 9
-362 485
210 -309
405 -275
-391 347
-252 223
89 281
128 80
-94 -300
307 442
444 304
-273 -5
-484 77
369 394
-67 -443
101 -64
285 484
-21 -342
-405 108
462 -289
-194 7
90 -372
417 404
287 -296
75 -223
-483 205
372 -200
-481 -458
-492 -230
-244 -83
-161 65
190 -415
71 -256
190 -128
118 12
178 32
-7 38
82 494
404 -446
-103 -214
-4 -16
-473 -380
97 3
481 -450
377 -403
468 -26
-154 370
433 -11
324 216
-342 62
243 266
65 118
255 121
3 430
68 305
472 -187
98 -218
130 402
431 -484
-54 -456
-161 333
-327 21
-364 170
-426 358
-499 385
-356 415
273 -350
180 194
-438 232
-310 -165
-420 281
-472 400
-478 -34
-275 401
163 -393
480 -140
184 -262
-264 473
-466 -118
343 233
-173 333
158 -382
477 -442
331 -94
464 -5
88 418
-265 232
330 -488
-37 298
-94 188
248 -133
228 396
424 174
-323 -442
-323 25
206 -491
-320 210
-289 246
-350 -271
337 284
340 1
385 -153
52 12
434 495
116 -344
-38 -489
202 256
-137 -454
-232 -204
-317 177
-59 428
-355 -23
-132 -65
146 -430
-269 178
492 -167
118 266
-400 73
149 434
491 322
-315 -435
-486 -478
18 437
166 -131
-323 497
243 -296
448 -328
416 -257
-63 415
190 -356
32 191
73 -343
313 -57
-290 475
-247 266
-357 364
-264 331
485 266
-140 265
10 -48
77 377
406 -132
-293 -192
188 -355
271 -202
-116 480
-368 -173
-85 405
475 248
147 -208
-488 -459
408 -296
-362 302
93 -26
-448 500
88 -12
355 466
248 467
447 -255
-477 432
328 -162
25 -104
-200 -411
-65 -71
-338 -275
-224 199
-353 29
-161 -46
331 -188
320 70
-50 153
-219 444
191 130
320 46
-224 -469
360 -445
-274 -34
-481 -298
-107 262
469 335
226 177
-415 268
-421 237
-437 47
320 353
-2 -314
148 487
-37 11
448 -337
-485 -137
-132 349
17 343
219 237
419 -161
81 -354
-250 -87
177 392
-30 156
218 -470
164 235
-329 -453
-87 -442
-156 -400
-178 292
-424 -40
-81 379
-244 409
-345 -242
423 258
-148 82
275 124
-398 -370
345 -242
-24 -42
124 181
-288 448
425 364
-103 440
-299 228
220 -177
-330 155
-52 73
171 342
-208 -373
-229 83
-189 -229
-106 104
23 417
-326 -265
0 206
432 92
257 188
-88 71
241 266
-60 218
156 486
473 -311
-126 497
-59 324
361 -307
-495 374
-281 89
461 -85
377 46
-154 448
388 0
-60 121
198 109
500 48
-221 135
76 -370
234 192
358 -166
336 -236
89 338
-56 -105
11 409
-123 -490
-174 -283
-189 -90
158 -294
321 75
-30 -94
-389 -66
310 313
199 161
-176 -306
165 -98
-100 153
-333 -98
267 -155
8 7
14 283
-136 59
160 -343
358 -435
112 -188
64 37
150 -63
-253 -495
-149 153
-5 -18
362 251
83 316
316 327
-66 -5
-411 18
-470 -88
-91 -182
-452 237
62 -154
425 -411
-453 -413
-166 -312
257 -275
-352 301
150 -415
57 297
-155 330
32 212
290 -173
181 103
404 -125
-323 -163
247 -307
500 -357
-11 -120
-114 471
10 -109
217 243
-219 -408
-491 497
-259 -244
315 56
-81 48
-180 129
137 425
-276 -461
-451 454
-7 -409
-435 486
83 -138
178 378
-173 -299
321 431
-205 -231
-255 -239
-48 350
-244 -129
-250 263
386 -303
-455 -368
305 -135
-46 277
-383 -365
-330 -74
-334 179
-484 314
-157 335
-225 436
-374 -493
341 494
194 184
-146 -295
413 284
-177 -177
296 353
10 246
-56 -428
-217 422
32 115
-63 -33
-259 370
-50 -296
-24 -435
-381 183
22 153
-12 421
297 149
-227 -65
499 371
336 -139
179 -63
-41 -79
-121 -170
-1 290
-377 229
-132 109
123 -84
191 488
480 -208
217 -237
-453 -467
-32 -301
-113 -432
-327 287
500 165
225 93
423 355
206 284
-283 202
-421 -8
-160 -391
148 118
151 128
351 174
-183 -183
-138 107
-381 -311
-349 -452
-357 -410
-352 71
-401 -123
173 -478
29 -92
53 392
-235 56
-494 320
435 462
13 -170
-271 -121
-140 -141
-334 -282
-466 436
-299 -55
-195 -373
69 -289
86 -394
-128 315
44 53
-129 -299
408 58
-281 -236
-265 150
-339 169
-171 -362
165 157
-187 -345
-70 -425
145 -179
246 306
265 -187
301 311
-99 -104
170 192
166 -228
341 113
-306 -79
8 -167
207 -20
-64 -179
-80 499
68 -127
-253 -21
322 461
101 -451
251 472
360 -5
438 68
363 -217
276 453
-490 -302
285 124
-73 -114
72 340
453 247
254 41
-455 -295
-145 22
-393 -276
-45 471
-364 -322
268 -26
-37 312
-181 103
-308 -287
-79 -342
-379 -185
397 -51
344 -212
15 490
222 -480
485 -200
-260 80
178 -66
340 370
224 -213
-69 495
383 -126
-349 33
331 261
-102 -283
-360 277
-165 -485
398 -233
146 -114
170 -34
-99 -92
-206 331
252 474
164 178
-412 87
329 -419
-185 103
-270 235
-161 305
222 -386
-77 -256
-114 330
433 370
365 -98
148 -446
-72 495
77 417
-206 -168
386 338
-457 -202
435 262
375 -253
-52 430
-61 407
206 241
-444 341
73 256
-268 14
365 405
-150 179
294 -284
435 498
-127 388
207 325
176 -183
-46 195
-96 -307
73 27
245 -486
327 -121
-329 124
357 110
-424 132
426 496
61 375
-466 429
405 149
480 -359
461 -192
271 96
40 -47
-392 67
106 378
-265 -95
91 226
-171 46
-244 -422
-70 257
401 352
42 -77
-152 -297
155 -484
129 239
-358 -244
447 357
-143 395
74 -216
-357 399
106 147
-191 99
243 -450
-162 81
272 364
450 -392
92 -158
105 497
46 -453
367 64
-353 -446
81 392
-440 278
68 118
-223 -466
-100 40
-382 -79
439 -498
141 -199
146 -136
-287 -51
-392 -298
473 9
-249 398
-13 271
-205 -500
57 29
285 -417
-383 244
-500 -231
485 301
-234 -50
303 -149
-358 298
-495 341
-326 -104
381 -102
225 447
-89 285
17 40
35 377
53 43
217 -500
-74 436
202 343
282 -52
-80 -319
-499 -284
-162 190
304 -257
155 393
-74 31
201 -19
23 -167
-31 410
176 -175
366 420
-252 101
-474 13
-209 2
-214 70
-173 -311
-38 214
79 340
-484 3
221 282
-128 -112
-164 -425
51 181
254 464
-81 -329
-14 -332
158 -282
164 -463
242 210
297 1
-380 -375
-255 418
281 -355
305 -39
123 22
-339 387
233 -408
-383 231
-263 -122
268 -53
117 300
-148 480
-152 -194
-173 -236
-178 78
-78 243
-118 -208
275 -115
-210 -300
376 -89
469 -343
346 -23
-494 400
-102 -336
-235 352
-69 341
-462 -231
191 48
-164 408
335 -203
125 -190
125 -319
68 -285
47 96
-262 104
-339 -323
-232 479
-349 -396
270 -28
-474 -202
-354 392
434 -391
-386 476
-209 -209
44 -360
-67 -160
-73 -426
319 380
395 70
-144 -188
1 201
279 51
-250 -208
-206 374
-337 440
312 14
-320 40
-296 489
-285 -247
446 -420
102 -288
-465 -68
160 -252
490 -338
329 -82
-42 -195
-23 -166
-107 394
-124 -497
110 -303
-345 246
444 42
94 -318
-478 -324
478 450
-187 -302
75 140
-424 -402
-20 -149
100 -400
419 -42
359 -342
-291 177
-38 -24
-497 -78
-293 458
34 -143
-453 338
63 327
-312 -487
-52 298
60 176
-479 493
363 321
91 168
137 -93
210 118
-421 -438
-481 83
39 -358
-340 104
-354 309
233 163
303 332
-181 -490
71 325
121 -47
267 404
198 11
-19 -491
-103 394
-250 -56
44 -319
251 325
-99 87
476 -235
-79 305
-195 -408
-317 -93
126 394
-117 -245
-122 125
189 32
278 283
-176 295
166 1
435 -486
133 142
-251 -140
448 -446
128 240
-440 -241
-86 318
-158 -232
254 -244
-449 113
274 -180
-58 466
223 208
-30 -467
397 -284
-283 -105
-27 -105
-93 130
55 272
-294 199
98 -111
34 32
168 -451
-401 -207
189 -24
-233 330
291 291
-322 353
-372 -68
-491 -496
453 -414
-234 -3
406 185
-373 -216
-417 28
-29 -181
-34 -118
429 -55
-312 272
-160 -462
357 -221
476 -403
-129 -152
-124 171
-432 -300
310 378
30 446
-188 293
-281 -228
252 -489
266 383
402 -414
496 -446
-372 -273
21 8
-110 -1
269 -78
22 238
-349 -347
-135 -337
-118 -413
-303 -440
218 -397
-265 -178
-442 -65
80 -458
135 -243
-345 -295
-62 -41
-108 122
-279 217
125 343
-104 293
-65 200
401 155
-232 288
235 492
199 -132
-364 184
-110 430
-432 -155
411 342
239 437
-396 463
-321 306
70 -100
208 -158
424 -470
123 122
55 223
-378 -489
-231 -372
417 -473
-57 -461
275 -469
451 496
213 263
-303 398
452 374
322 61
85 -100
440 -148
-69 -215
-224 411
-107 -439
210 -282
-386 -222
427 -8
-286 -241
177 348
-414 -480
-153 -364
-368 -294
44 447
291 -364
-262 275
136 258
255 -216
-387 -400
-18 355
-48 404
-316 402
122 -45
-295 263
-460 -14
166 -430
-293 -17
430 -57
488 -167
255 -361
-35 -211
327 364
208 -353
-389 240
-443 187
249 48
218 92
-32 70
-110 239
40 101
455 158
349 2
-55 -33
443 20
173 466
-203 -328
215 146
410 184
-259 -173
-442 459
-206 26
103 -350
403 225
-411 -221
-338 -448
187 75
-493 -435
-344 320
-80 495
445 292
493 36
450 453
65 -449
-379 -129
-310 279
402 -479
388 -64
37 35
-5 -16
-379 46
32 -204
-446 -86
-308 290
-467 -453
132 418
-104 356
-80 -29
326 -402
-483 -154
-286 260
-406 -445
414 406
320 418
-377 247
-312 344
-293 -321
-161 455
-27 -298
-338 11
177 120
-120 -144
241 378
22 21
194 -60
82 -250
108 277
-156 306
109 -99
424 282
489 16
-13 349
-385 464
-11 397
135 -48
-181 -143
-38 199
252 166
338 -84
317 379
336 335
67 -92
60 -398
-311 294
-371 314
296 193
-21 168
10 -29
343 497
313 -497
221 -189
-130 401
2 19
28 83
248 460
-298 282
-259 -356
435 23
120 -248
373 281
205 -278
-36 -165
-251 -441
-457 -30
-392 -114
-225 110
-108 421
405 -329
109 131
436 -232
-475 469
-496 -261
-249 430
-394 137
28 -244
396 141
-177 367
-7 448
-340 -418
294 -3
497 111
-80 179
-89 -414
130 -320
195 -265
412 -397
-144 28
-197 -101
-365 -211
-48 454
220 -118
-120 -97
-177 -213
83 411
-4 -75
-379 24
-95 406
293 405
32 340
199 -183
56 -274
77 179
460 -241
68 282
440 78
-165 -216
275 39
280 210
119 -265
-466 -147
-73 199
193 269
157 395
-57 446
176 279
384 -260
0 -199
8 -4
-230 -395
-87 -395
164 316
-493 413
-229 89
137 -49
-383 -345
85 -243
155 193
-344 -247
256 472
-341 89
29 -91
137 -287
376 -22
-338 63
418 -357
-135 408
272 -493
154 -243
361 -183
-10 176
126 -174
-17 -103
455 360
9 101
256 -321
-214 -500
-395 -14
-339 -277
-238 -34
302 108
-294 -500
-422 -309
262 392
-360 63
-485 -309
-294 -367
54 -279
110 65
-395 213
348 369
113 366
111 200
343 -445
-294 500
210 132
393 -69
309 134
-82 126
383 131
366 -294
-362 -474
493 186
414 212
-309 -456
-394 226
423 -201
153 191
-411 -408
-445 285
-202 -198
273 59
-363 -115
-320 -229
-104 -479
-232 498
171 -372
-39 -373
31 293
476 192
-151 143
-49 400
-397 427
274 -145
374 -417
-382 37
-345 337
-57 126
117 481
190 365
499 416
-336 174
281 277
-189 -366
-326 256
111 -316
471 63
183 37
483 139
-491 189
-290 134
-135 -64
-457 428
196 -110
79 85
10 321
-248 -309
-45 -47
-81 267
493 478
-433 -467
-267 340
365 288
256 475
450 45
193 -498
268 -182
