-8.218698625513829 -6.423102509507819
5.519626089010688 -0.8658285401928738
-2.315969374048399 4.197133301006089
-10.13292349576211 -5.564409223740403
-10.066070170103467 -5.086443898105299
-2.079458879388166 2.884756786923258
-10.028299906479038 1.097576873664051
-9.805221231331375 2.1294509494106046
5.38147649822939 -1.7767821262057697
-8.660042626790332 -6.215533842225783
-1.5631497207285219 5.330573897790375
-8.992955132825482 -6.950823773635518
4.58376618980113 -3.766229598284106
-7.49675752687876 0.9303347843460985
-9.7902729978674 -4.248294020844933
-0.4272194329309462 4.1925749445993805
-10.635088805257707 1.696702301397386
4.598900054811814 -1.6433596965796813
-9.882606169597894 -4.654099752357721
5.161016477088387 -2.6104332217136097
-9.740332267304517 -4.15166732177953
-9.356435245457932 -4.222304810766627
-1.5938091635936045 5.5805693938521985
-9.599159387403237 -5.3119833680613855
-10.286043052913394 -5.269360314832955
-12.11931761433577 -6.240416658133779
-8.472833144398914 2.602946695777959
5.0813474537135255 -3.634054326916406
3.6929602300880857 -2.3144741873352133
-10.454376764510371 -3.674251058709229
-1.222088935596898 2.5327062839620775
-3.340278930538571 4.217095759203393
5.271299182735245 -1.340440850482971
-2.2780060636975947 4.345866431321734
-1.5737435627487726 3.5765006170545615
5.015718143625821 -0.8410840070364773
5.410938902230441 -2.8962869392797685
-9.668814337023026 -7.0819469203753656
-2.134379365094947 4.248203601309847
3.962898851674611 -3.1703124828872333
-8.454126873846725 1.9290875559155962
-11.17559625046445 -5.510004125666183
5.957563388867566 -3.4035693292754257
3.0803210277544926 -3.020455776444099
-9.712247330618808 2.083417599716447
4.303559415643423 -1.9806053806450388
6.394407430797841 -1.044695616681156
-1.1723286923206542 5.402148916742188
-3.550286787626148 4.572884070563195
4.5222937102208105 -1.0699263036120255
6.002241433712837 -2.8842515070681825
-9.481769276288365 -4.969255355951879
5.092871752785717 -0.8761211735351127
-9.737705315758049 -5.378585665610749
-9.557292606334917 1.1140392731371018
-10.888274560748467 1.483055399188761
-6.778626752720586 -5.0573068302426005
-9.677166758022416 -4.775804136467717
-2.166237066051367 3.157573461708596
-8.918135118543288 1.1336549874961714
-10.545135693485678 -3.9178948135056313
-8.99341025264092 -3.4987986980967074
6.658347562151215 -2.839156007556994
-11.825238001095034 0.6623134729779288
4.6744815327937665 -3.404497401079587
-9.0855410856984 3.5490968468188475
-8.392312788223506 -4.951329152791041
-9.710640280724391 -5.1552036835083275
-10.530313966660236 1.3713469027102123
-3.1303942318272364 3.7044130245540154
-9.128475829475953 -3.757331362712949
-10.257632652816902 2.673690747658901
5.180181718203293 -3.1580600488969526
-9.536689025004861 2.909674802760258
0.058963884894547736 4.504317852233122
-10.315660668732713 -5.530976779720393
-8.734297169356623 -3.385165852816021
-1.9087193054161684 5.350604819660753
-8.308977771623729 4.150283706028416
-2.9913889331008963 2.558774062314996
-3.930565336953206 4.634287965186489
-3.4746880906569375 2.100699962749476
-9.50580138077415 4.602387044398536
5.690328919887027 -2.9525942749917164
5.805029007059903 -2.434443922226523
-10.648156167995197 -4.557876382768551
-8.432301733630442 2.033390283275577
-1.5424110388159837 4.8859384994985575
4.833644873741692 -3.5555157687442174
-10.589647167496627 -5.355527435375089
4.3536159188573595 -3.210312030148165
0.26381384164199684 3.373106462626251
-3.581634500882865 3.322087880666713
4.252480387150792 -1.9331660448299464
-1.6857723312386643 4.926063933146491
6.0029271735666 -2.382286577914792
-9.19915531029057 1.2206091971486461
-9.489491456802613 -4.397450497581881
-9.883375588798337 1.4480510459269673
-2.8699831127598783 4.8632895785771275
-2.038985015934045 4.995029213137052
-9.601180068368647 -4.038086478804525
-10.260875399978293 -3.330595207595664
-9.957724929838212 2.9737960682122777
-9.235345820686689 2.3118140127260305
-7.5384960564571495 2.955932643746153
3.228335912365644 -2.4521141365490573
4.619125378141841 -2.4327108370224884
-10.57673011365919 2.0841458380007762
-11.453658589297351 -4.1159517800869585
3.515249445936614 -2.426821420363117
-2.2171845969532353 4.729688945210875
3.6293265044365146 -1.731364338223791
-7.150522356345215 2.07170366153922
-10.18596374347198 -3.98387908503251
-9.355889457522197 3.717989241913968
-4.629759567286741 5.521286771540031
4.236205498811266 -0.7972701902208261
-7.63503745855858 -4.6186875014887665
5.074061954610868 -3.89812111052263
4.905378652246255 -3.4269817944353402
3.7314280687342833 -2.7660818212019733
4.98143782844932 -1.7441684008839884
-9.145910507424878 -4.664411452009579
-12.58605623103959 -5.4235620904159205
3.8024285505345388 -1.469614112888666
-8.780533727366704 1.3479012239565626
-9.339259530474889 -5.235067809586894
-2.031643763703128 2.6685254006338455
-8.42539448192899 -4.674442024760585
3.3611112973078985 -1.8951071137523723
4.63525513643891 -2.6735729269696114
-8.108250917025002 2.3572971033123844
4.680920278601901 -3.5237740379965716
-8.85699370878408 -5.455785615559517
5.3647295182662385 -2.928771651251261
-10.05344085291576 -3.915357848372893
4.302115709232429 -3.02965699286082
4.390754757958561 -2.807575429781865
4.666466512965999 -2.021954435032559
4.474307102996825 -2.1280298103842146
-1.3801825496277245 4.706455263232457
-2.064263664608192 3.6936430350004623
-9.21685058796418 -5.459122159698495
-8.141869756399947 3.489484843807338
-11.429470818330847 2.0744589936748667
-10.028258030757465 3.715290485603357
4.6631075719280695 -2.3181588008712133
-9.773003750801223 -5.0055295649783185
-8.783653265890306 1.0622232743900772
5.610483488722553 -3.0614089725070195
-3.0388794609015672 4.096127206403645
-10.064387549674548 1.209058328252524
-8.733694640112759 -5.40283486753898
-1.9495655525497826 3.25971157769701
-9.941791920101176 -6.850061859143919
-1.828896213172479 4.775890237352435
-2.9487214780338276 3.7233654121747386
3.819601662800946 -1.719159662434544
-10.414167308619543 -5.207422214714715
-9.6715596545744 2.135179328876863
-10.508231398092287 1.6026812305783036
-8.782955855484632 -4.226818272490405
-2.5413958810260278 3.639031586767804
4.192536930306691 -0.8890020559707332
-0.6326886059996026 3.4732605825212115
4.348242892729866 -2.1608284047284987
-1.3854493094100908 3.184078204311863
-2.7926705460691506 4.0853294713650605
-9.7782604826077 1.1019942691504758
5.207692851323369 -1.4688625060401845
4.599414753011428 -3.2767485528963376
3.0708952072636935 -1.0599481885522013
-1.3214160321072104 4.197820866689198
-0.6601259318133341 3.9922367200094957
-9.157596031769405 -2.8692859169142055
4.831723485457238 -2.751505829381615
-10.637232136248388 3.1423591664871044
7.431879108604786 -2.2069373523162663
6.179116524258833 -3.396618170185259
-9.529455480659859 -5.321587127248364
-9.805057312484095 -0.6186649834300924
6.608619826679464 -1.1666129179689133
-10.519233249055013 -4.285061176345447
-1.841569303195676 4.0127796960928
5.70649530716924 -3.4882536881760355
-9.506217399440265 1.5428520697734747
-9.443654410000365 2.2229395535445433
-10.774148447644354 -3.9018036269380083
-8.153690594175979 -5.490641774781631
-1.0343555849749952 2.26225706436841
-10.995872515987177 2.0696616145278757
5.41874882158972 -3.7026943620908463
7.6504297809667605 -3.575413748533008
-9.561390245155872 1.9023739661610815
6.546230027875101 -0.8567028027965604
-2.1738412113035954 4.841205608229116
-7.333268959802147 -3.1513761472291835
-8.050766612903221 -4.329172592258735
-2.050794669282605 3.9419514156665523
-1.9530653931820252 3.8293476783523803
-9.583453135976303 2.1123610294160393
-7.697690448024128 -5.041785767246565
-2.6799348769026246 3.617612043279028
-10.26365768554074 1.3174746874455499
-2.024116132173367 3.0291660716243443
-3.318630718777067 4.079791647712551
-9.19293886698957 -3.527764084081542
-1.9090088668254073 3.644598296485994
-3.4810506118535787 3.680837476465261
-2.291058662489549 3.91940392121266
6.683860572274594 -3.6702125248683255
2.127133631649465 -2.1537809949268154
-9.456096308191443 -4.8812762975816995
-2.2827880032169725 2.215896293406871
-9.766113413484808 -5.229302838161567
-2.151362600380846 4.753626277112779
-10.100728760424632 -6.075665475543389
-11.06934397470783 -5.289098821665062
-10.229999771333297 2.576136106129701
-11.54761873608694 -4.049981554757833
-8.784132989958964 3.1015462645897807
-9.252246646977481 3.260503043576093
5.59546432637401 -1.2808634980201377
-8.496460248940524 -4.267387486194205
-8.925140263051556 -4.486214348578601
-8.586956565991454 2.0665037331095033
-2.336242323398952 4.532524498461006
-8.221259916429593 2.456264906357779
-1.966899216522024 3.7814006122558186
-10.212382682546616 1.6111732565453316
-11.3083433824919 0.6534377744295459
-8.756080465573419 2.276486455532758
-8.592309060189978 0.6805513899031863
-0.6074376642654429 6.056209443389096
-9.146194009595888 -6.301479575846891
-1.8288972635156067 3.8185641474108944
-3.036652802136955 4.218130963963352
-9.665829667042889 -6.789724660578356
4.22925277702771 -2.285738969052614
3.052374117303402 -3.8886017081481627
-2.026682746781891 4.730935478744499
-8.868583171572917 0.6989081499115493
-10.929670650760222 -3.1306525883094296
-10.98544885865609 1.7848467209957424
4.675257995782839 -3.21546116251234
3.491978543638562 -2.2295889940852955
5.532178560463866 -1.9690603541614142
-7.5482016586701075 2.2426614904272477
-3.051005289629729 5.088260880767859
5.077622639002584 -2.9212453933158096
-11.289521596914092 -2.7548507020057857
-9.359837520380301 -3.996299385454189
-2.2283885042239024 4.355623138842287
6.217630999880942 -1.411344046344408
-12.395500168476076 -4.207696666062743
-9.285544963916795 -3.413062927993276
4.608916505639248 -2.6064463991517446
-1.5524312970838015 6.231679429081327
-8.302418809417382 3.3369742382804453
-7.293330204922566 3.4779970706605177
-9.902795879929878 1.5514621286877681
-9.4492409733713 -5.689196629955839
-7.616481199208327 2.5212843525483337
-1.5435973835084797 3.1371206291784155
4.325429826618622 -3.2794018509026768
-9.831910614600607 -6.6231645272249
-10.64304869131729 1.9365993084025226
-3.078145697556518 4.22758521016786
6.593636033160436 -3.708963463302922
-11.129576597939515 -5.453844385387358
-9.560573852336931 1.704480333030601
4.739861190107265 -2.7684189006138524
-7.560831313338854 -4.104205015526243
-10.592657269358474 2.919769495986301
-9.064375015109631 -6.458079904356742
-10.617694284124228 -4.7144699524697256
-10.939423720701297 2.2394671653260674
4.024606987124494 -3.1603108053511964
-2.656230061550815 3.962100698891654
-4.910615073768877 4.686025414866482
-7.740314598665522 -6.52129412269751
-10.578361131033232 -0.1019939041659188
-9.551849185884954 -2.7072772939675143
-7.154853083316775 -0.2579969348708939
-9.641845375551004 1.123958372523691
-4.100274274956718 3.881298172771572
-1.5232855220499624 4.169604578949721
-8.582789812894033 0.8910082961666628
-2.889046288537055 1.8624931108404823
5.348862839431488 -0.9154170748287882
-8.34906559643632 -7.484799304968095
-3.716631261330825 3.7207054359161416
-9.044311853237556 2.96921354348821
-10.127870187347662 3.2244680437373088
-8.546268329200785 -4.76144504464051
7.023685140558774 -1.3074352411548
-2.239843120736153 4.441277674258967
4.691954949163233 -1.6443797403170892
-10.877171476591416 -5.595832692693931
5.396836935719612 -1.205853037468942
-9.595908542601903 3.7194545955945406
6.144164084121185 -2.6123785973403897
-9.658715425420533 -2.183678433650467
-1.8956351888612446 5.158105879603371
-9.095212571406757 -6.4115631897827265
5.42918248949306 -2.002727175001801
-8.859131939430272 3.7545959261609942
-7.406848854092804 -3.453592840472685
-8.134981599989302 -6.248072346539488
4.831518807869552 -2.836503559552952
-1.7974305699695186 4.820424561511738
4.55228169468983 -2.7061752380223925
4.930747250252737 -3.1118086397855595
-8.657854497550877 1.0615883094126666
-9.914529448880613 1.954101073133278
-1.7008500567488256 3.1818632387258305
-8.84833011504977 -5.239636634364879
-9.018072291619255 1.4184406161105871
-1.7546261431591408 3.8293792411187217
3.2952386305868866 -1.8842404385714675
-11.903135217645307 -4.453634973441715
-2.496399461823067 3.9773408042840215
-10.143835608514653 -3.5202892440394047
-1.2519959343289062 5.222054262783438
-8.85295841888703 -4.579968089197904
4.079087295433748 -4.338462764473334
6.1142562918667736 -0.7891700290827519
3.563449428331293 -1.9993969812489685
-7.5905934715996635 -6.0221944671332945
-10.859273620146285 2.132265658913563
4.3849647451028435 -3.5619805321794216
0.5289742184216939 5.175019012983553
-1.040295514037532 5.805157554716427
-9.390710774318155 3.035767465908693
-2.4523794116257758 5.659703016245923
-3.358616640791271 3.117112436222272
4.764425938545321 -2.188961350956911
4.595343740756211 1.1422074045250343
-0.9153237136163526 4.429263928732805
-8.65778083274193 2.633018089481965
4.684349513117602 -1.3642758309729401
-9.982947182698824 -5.953315905401956
-9.019576936571255 2.763884997607155
-3.3186224777001536 1.8389121748948454
-7.025821493916375 3.855618338305578
5.340846147113404 -2.3351817054920057
-9.579982426136848 -3.9008641505562296
5.812170772724155 -4.455841121611588
-2.5900546102300264 5.114067249710053
6.181035954166711 -2.3662320364698157
-8.654975673201383 4.050307078824927
-1.4332355552273621 3.885449888937722
-4.06984854913609 2.591163674629049
-8.326869467863494 -4.457329358587156
-0.602161373117984 3.3647926315685805
-9.215122751926714 -3.4446757900875538
-9.231717263616595 1.6186283909583468
-9.11452051852064 3.6535015077666575
-9.160117184205149 -6.568698930073468
-8.992755100551554 2.3067194118376286
-9.430741194096864 1.1286553411127336
-3.3243827875365968 4.1827505456595295
-2.1976080686132455 4.410756575103464
-8.098097655873769 1.9733664797894206
-10.469088420181192 2.5918449926779212
4.900414826345722 -2.951571423549168
-4.758959945533064 3.516246713584373
-9.11228797648897 -5.299317402256043
-11.05614377991954 -4.643276221488812
-10.905139073260168 1.8965839987803945
-2.621873478311865 3.943912928198724
-9.329902792677032 1.4601491691958404
5.694469240576956 -2.4826850302983643
-12.026129412879067 -4.856280158138632
-4.19119827690944 3.4183424339049244
-1.3467608703056726 5.039987325409335
-10.318179913393928 -4.849285792059515
-9.81696455257589 -4.179574561234815
-8.344534991608795 1.5820173210742225
-9.053801133617853 1.1061549979566596
-9.598559286507589 0.45641781563165074
-2.7936663943687052 5.189582332557834
-7.905986390058839 -4.92998657567745
-11.068662195364467 -4.965274276486268
-2.4584714886533052 5.402493177813525
-10.217403408195551 1.6470989138950405
-10.291339308799039 1.2705511782534922
-9.607397229367873 -3.4091292931235313
-7.9236498697214355 3.5916090177199225
-9.92033722565271 1.460364041905669
-10.797983001173243 0.2043361945921185
-11.104392624359553 1.9080967218226745
-9.750512004455809 1.4522822696373492
3.7387071547882433 -1.826367635088065
4.615741166636734 -1.888779806445033
-2.318433554340306 5.372027377445146
-7.800678628637437 2.048289139769507
-10.053933344023568 1.7127174176520306
-8.565137062681298 -4.524313554382673
-1.4956825990598992 5.269905500279763
5.358636655741488 -1.1002022618281213
-9.574576700245741 -5.513150257369778
-1.607246784697642 3.3651429136445303
4.020943633000552 -2.906411347713671
-10.98766714928467 2.471750828649093
-2.909835124691301 3.491556840772361
5.624665965745055 -2.3019320781594543
3.6159321310317836 -3.8537576244246337
4.925873776037302 -2.8360131731820277
-10.63876256661001 -4.35483999925042
5.67449321047787 -2.6079726453537466
-2.2349678419742967 3.616268561024504
-8.135106579485974 3.1894964870655507
-0.8831370521590973 2.903790810142434
-0.3098639790614821 3.1988846909087716
6.7859942467681975 -4.326908829851641
-0.49611012432667434 4.910611565718095
-1.9279392103246389 3.7448496122163917
-3.5054867476331473 3.255682205918353
4.276799277557075 -1.4470762812012399
4.317579482548931 -0.9810365264320033
-10.827343755530164 0.9098498552794181
-10.094908233730171 -4.65923384041634
-9.040445519201276 -2.97923846754861
-8.700684796257203 -3.8380923565903444
4.678768491595691 -1.265059014204961
5.746195748985872 -3.0418034643396945
5.830408476885357 -2.89747524369346
-1.3734408753031637 6.284743957329717
-11.497419545620657 -4.140496208173171
-9.638423867493353 -6.366278875286963
-0.9949633391053978 5.902688959885312
7.306574225014321 -1.969022141080333
-3.807747833613906 4.796388257078917
4.623035519336753 -0.5781340194769835
5.357620281873586 -3.175223459288997
-2.068067604791354 4.733898026002845
-9.887043520128564 0.8281095219454979
-0.9949745791232498 1.643981216337667
-1.956547174367517 4.851139568566755
-9.180466936500103 -5.876171877861624
-9.559631320156212 -5.254415031021311
-11.467886538985422 -3.774609479837199
5.258975451243303 -3.1277917180481696
-2.3445812052505848 4.981450969726271
3.7413537655209153 -1.9555748388615415
-9.904577321577001 -5.665933807069805
4.021348209076515 -3.0927974004373797
-1.6938418743184103 5.284263663675091
4.503102682231789 -3.0154000120967943
-9.400542136758606 1.2570742965262678
-9.391285792643407 1.550647839656276
-0.5173728150513408 2.720309639778753
-9.363065479425241 -6.6545688138306
-1.9957539396700055 5.285505633349386
-8.899153078160282 -4.188683501734143
-9.650147488631484 -5.492005634974939
-7.870677092778787 -3.8034396148243754
5.349961532017726 -1.1170555935668303
-2.6432232855096647 3.737556071840045
4.655839246494207 -2.5500678421080702
-9.432994360559563 1.0050972015597583
4.120877071014789 -3.003253856066694
-8.461015604408624 -5.1166876707312285
-9.751397399689598 1.5648818342225954
-9.596829835185478 -5.627627676481497
4.836504537327498 -2.5931669692437374
-9.362667214302299 1.0232822015012664
-8.316398746931618 1.3110036699154999
-3.4458172943186147 5.451399305807173
5.0027191171936325 -0.406519226714281
-10.3441635218142 -3.794510287037105
5.040989600745954 -1.655383921287016
-10.127980946155551 -4.933151463659338
5.129119909677474 -1.4190455401553117
-8.758714565075488 2.190077781020661
3.9214103325986285 -3.4503595456338934
-9.756807258554598 2.6621085004257328
-10.24079738011692 2.479246158156575
-10.691056551253986 -4.142038529061402
-1.8513120493652442 4.2901403917667515
4.420232329395022 -2.2477151843224243
3.763442911991013 -2.9985536327262743
5.00463941572348 -2.452575599285654
7.622975812010875 -2.2079049615393944
-9.53733987183715 0.6180974088387581
-8.912448959093295 2.178532056536451
-1.5641308070280469 2.731081843436664
-9.490699497631889 2.164598228576394
-10.101110830868883 2.3895523636163
-9.607383049962781 -5.620780858126958
-10.632046601366065 -4.401271963351776
-2.1772927164898723 5.31816422309938
-9.958042247657398 1.6123390932787949
-9.559035009661285 2.181900893252598
-3.53095886029268 5.2923779639649755
-10.275133204682568 -4.255440875017944
-8.699430149971134 0.782479967822572
5.390553476413503 -1.3373162559731464
-2.3741680552648177 3.8382769923245608
-8.502629785523931 -4.5143203933052165
-11.627784738786694 -3.11871842824067
-9.989220904031598 2.540006089926913
-9.745023527261678 -1.926989392621195
5.143847493207721 -2.7803014580848466
4.423027421458573 -0.9669774000998383
-9.918181941393515 4.357429390033701
-1.245565256154851 3.9433872543022335
-9.643139410532791 -4.236903101976427
-2.538615370575064 2.3779755203509074
-8.8145316586651 -4.011261200554907
-3.6923797246588004 2.075536925712524
-11.311995854027051 -8.252744735607079
-11.909753293947137 2.6005869187337716
-9.509580661247352 -5.430560303370479
-11.042345076705132 -7.572197186816804
-9.933988334979533 0.5633837094091625
-2.45524106156508 2.9947345784140316
5.360188422876449 -2.4783975919242525
-8.922728922079811 2.5498792054480868
5.005593447365191 -3.379552322439834
-10.667704513310099 -3.9216021336583937
-2.3492739221955836 2.9332377377948964
-10.211624612602401 -4.748154934267966
-9.047935250973728 -3.9867275146585506
-0.7469394078180875 5.617673688401592
6.257682106680116 -0.011532998135499906
-9.418416537227518 2.910194782585755
-1.991606531989992 2.5521596949434517
-9.695992742956136 3.65021137337652
-10.25936277554965 -3.3332844275665616
-11.699472577798517 -4.142326966065863
-11.577469161519172 -5.049305112454287
-9.645412760638447 -5.410013143590983
-1.3916481341971698 5.112480168875966
-10.806705068270356 -4.930544432235339
-1.8287084076624174 5.365560601879097
-10.769853011309946 0.5765770551350016
-8.402953567424365 1.5283449024790674
5.168064586702241 -2.771223615529294
-11.651977286845028 3.7844502274292746
-2.7590640897792054 4.801009277685127
-9.514929304464872 -6.468235024287834
5.75460753001768 -0.6806066488143667
5.376651430310973 -4.395472832196562
-1.7852289233176826 4.970258009822169
5.5266153159814095 -3.4206049129283693
3.4057632344334148 -2.2772252785619074
-2.299361276690235 5.138595804422816
-9.70982320837065 0.9790598801379458
4.785040017020074 -4.2794222753013695
-10.413482087141231 2.314024639297893
-9.497307897900596 -4.2023487018482495
-10.520208072892443 0.6158736339372999
5.16678252966293 -3.6718194818892123
-8.416717157951005 2.142110432593092
-8.881652919012483 -4.19658719124731
4.570210619047655 -2.711006169424962
6.42216708346816 -2.899117341893329
-10.50253268154205 -4.8729175791424595
-1.16771594941191 4.708809931306959
-2.204445299592983 5.734154685933824
-3.097554608814 4.472851508749881
-9.553205522630037 -5.697686292286745
-8.322150561798562 -3.9260679251697965
-1.5221380694027427 5.2029173724521725
-10.642089312893193 2.612646178715086
4.929850192654686 -1.449546558504292
-3.920683740420193 6.224686317314987
-2.1670564464120377 4.181621695925867
-10.414057963295598 -5.421447828137715
-9.341124656483418 2.244130888804589
-1.5185241519188213 4.788743131866743
-8.578726543805866 -6.825884312905677
-8.851404912200167 -4.275962153785489
-8.144756544159238 -0.10878087591885022
5.757494891907139 -1.5897245587328168
-9.773010937321379 -4.614583495813908
6.141576984363821 -2.038391555639078
-3.391608313517042 3.930042170257868
-9.284683876834263 2.435021971869116
-9.110444804132024 -5.896850282011304
-9.074358614006668 -5.066485914869203
3.9169889264371562 0.46743211436529286
-9.165813406736554 0.615432260783388
-3.5615652075880657 5.1351691477086
-3.677447263550576 3.2585461548990655
5.644431048275267 -1.484088578289604
-9.303220329948454 1.3552218151455793
-9.842518130212454 2.7748310467098403
6.65762946305047 -1.671481562004989
-0.951048184216986 3.394735050905042
4.75352151526166 -2.939113880221341
-2.1946589057220467 5.123663939549163
-2.5000649856968242 4.904862269442422
-1.8670645404443376 3.6335704178773898
-9.411154478019933 -5.7944300003129685
-2.1198908032230834 4.636239917341969
-10.18394938191396 -5.0311188063631125
-1.4427478378437752 4.972502216327328
-10.194370004158987 2.205398259308038
-2.5186484559834654 4.4599006754664545
-9.694146391367616 0.5888988025448219
-2.388632067206886 4.062377832750356
-0.15248169235462994 3.8942858011852914
-10.216211534631427 1.9675984182469186
-3.216910802387855 4.428002044584611
-9.675350524395663 1.0042417766703462
4.307405204629178 -2.8487847088430023
-4.1732544247659975 4.730350959140995
-9.980858953814144 2.257690684158613
4.037313613616566 -1.3145522706057593
-2.678328885081118 4.950610180520242
5.635171833758561 -1.0627385097551025
-3.3218726068744076 4.085731375341885
-9.799990389288908 0.9620031921757415
-2.7167495328829943 4.726088926126921
-9.59709857975089 2.5643547293988376
-8.812632839515002 -4.887455976899267
-9.333598181835033 -5.613151843744394
-9.518765506985998 1.5943810332906017
-9.70718119835278 -5.060604502123748
-7.457912047202589 2.085902636873637
4.379207652360503 -3.1444358738448592
-10.30858310880157 1.4498855423831247
-2.7753622820516433 2.5617239429382437
6.124547339704751 -2.5408086243906958
-7.056665057279121 0.8894002496562219
-9.079229065541126 1.488278700543479
6.206779053242011 -1.1228632823592464
-8.663350463624143 1.4499491911787559
-8.818838514247489 -6.1361652829014535
-9.610152675391774 -0.056400828329063124
6.020153027436152 -3.1419475028860195
-9.606979924673862 1.7084301464714184
-9.971931582478641 -0.045627121390372505
-1.091417340209915 3.428661941623795
-8.764927219153009 1.7729988599580426
4.4539276285414475 -3.5944755013642213
-2.955318997746652 4.526995662360563
-9.838809546760793 -3.980029761113677
-8.20054801696317 1.4145771751629217
-10.309421237795938 -5.432949730320938
-7.698512311346898 0.8690761431574534
5.325475111617671 -3.206867158729851
-11.070031523761132 1.9157341044444345
-8.965712890669 -4.696173221238531
-9.66306376753314 1.4560219010513795
-9.601429937723905 -6.20974683245371
-9.757053605824385 -3.939102241663343
-9.842799700870774 -5.397447365987197
-1.6171802967326596 3.561430653248323
-2.5584732816109663 4.79801900091236
-10.217649392325773 -5.091115229119772
-2.1267887818638296 4.184553774852047
-9.465790431517394 3.5568341675587654
-10.648024489510497 2.4142071115340134
6.533389629549028 -3.963726936484567
-10.422227054687252 1.4949211782511314
-11.395257221421563 -5.569922702783774
-9.005709532563984 2.5516808257339303
-1.7189974825692438 3.2776073229175324
6.226697760416206 -4.0054537486240225
-12.063127807611806 -5.533349612500702
-7.319126043469733 -4.341928275486847
-7.98881848208408 0.8498087592430343
6.361366283027938 -3.176590277719842
-9.568865254910852 1.1525173646445408
6.109436438288029 -3.128435888243417
-10.428627454773459 2.4533919996513105
-4.624523732022595 3.0631585462624367
-7.912213177145311 -3.2570175928746146
-7.818783199373803 1.9581836910736308
5.918000833244671 -2.2687421242438632
5.364474227339601 -2.4197556378266167
-10.723994338670554 3.184388754575975
-9.914939497828222 -5.622081917442313
-9.266610406700647 1.978218161314564
-3.347468711235871 5.539644342467154
-10.613881886245647 -6.454040831121926
6.3078420048271155 -2.0864829924129245
-2.2657014895651666 3.5829716114461245
-0.36986693149221983 3.8802189656390578
5.797906100143875 -1.814760157060293
-10.464317449561591 0.11333622990999981
3.182170127324327 -3.4445812320924674
-8.562564211420918 -6.93246750959423
-8.687844615618168 2.1503561900535786
5.786483709386853 -2.6832993078096607
6.287311134866823 -2.4225870421446096
4.444364446879791 -2.036002860317189
-10.354711942964746 3.0034620816788458
-1.4831127202463952 4.018708334001431
4.505145288573078 -3.545379285224384
-9.911089906928089 1.0407218742307964
-8.262096857882117 3.2338820256393994
-10.606968243004955 -6.5355368911346705
-1.6494919519110787 4.594426716658351
-0.9641321382585479 5.564800463783564
-9.514876811702534 -5.022735398806938
-0.7101674389585717 3.820552032555214
5.960273966809431 -3.2347802353823485
-8.790709455576128 1.388608348666127
-9.650967000510393 -5.849778905335919
-8.866780330442865 -6.404017681957761
-8.851277754123636 -3.385722426852003
-9.277447621780192 1.8880706203852131
-10.571328110223153 1.8421303888486975
6.353914081375516 -1.4110587087947994
6.562931715792996 -3.0100614671740673
-1.9468748884064988 5.130563271489847
5.932128296276402 -1.604479812928325
-10.495298948177894 -5.556489635735108
-11.443496869011737 1.1229965249400045
-8.67007872934034 1.6310961072492653
-10.202935385394873 1.866369372556125
4.9544801719090845 -3.7997449038667526
-8.330046253839564 -5.343742874374618
-2.9041209928306437 4.995261671074389
6.711210873680688 -1.7346694888240797
-8.909804734719165 -6.791295371815948
-9.129404679073446 -4.308525932744275
-9.229442324785333 2.313657779776157
5.74241672996785 -1.0956784985988097
-9.150170798854337 1.9138127591087373
-10.263420299045688 -5.567768631169148
-8.100372951548843 2.166706941531817
-8.959237790154491 -5.066332381928484
6.187387471731073 -4.324723910272116
6.95989799139229 -4.511254067620349
-9.034427826211632 -4.561485535338431
-2.1902963185793545 3.704009611958984
-9.261181162781252 -6.269362157137714
-9.764301704466678 -5.103904278282501
4.34982283039595 -1.081926038705595
-1.870233610766065 3.864718516455209
5.394134804519213 -0.6982648146036663
5.713146872753827 -0.05979339259833161
5.9735171728286875 -1.7928496903009823
-11.61024261907 3.0199161063608573
4.661540607780276 -2.2062494300377042
4.226148819275473 -3.5477262312187303
-10.65951946930647 -4.541625611148369
-10.298389987024622 3.5954040280473736
-9.404863951177713 1.6279415188776796
5.200227181540915 -2.753306482455548
-9.784974055270162 2.4253618046540026
-1.3453948536729474 3.6500116365825344
-9.772467641452591 1.5713593505101393
3.9028884412692966 -1.562052428240356
4.266511416989193 -4.138195513184293
-2.3199570982981585 4.556562758586217
-8.522216533590333 2.2691832259730544
-10.196342419556899 2.642567611552445
-2.1444575823114858 5.606338967530025
-10.072482114553907 -4.692066337525102
-9.813346761145235 -6.126523116039575
-1.1655286141810444 2.7652725679537937
5.881825692433607 -2.6144297490820625
-9.900905010322887 -6.137485186405243
2.860106314128415 -0.31625939630919797
-1.808009069206462 3.1128969527395816
3.7386153206981163 -2.459896381996841
-10.257084932882266 -0.36102822635332066
-11.312058605915952 -5.671839712192776
-2.433100379112336 4.720725308247414
-2.403439084705915 4.815711909239799
6.132227967153661 -3.8506076580264468
4.420010388960231 -5.478045048289662
-8.85393408356721 -4.631279909690856
-9.612450817697404 -5.811461970804537
-2.810277266584559 4.536415625837151
4.062869129579005 -2.8230930589128076
0.2586682891552199 4.694951708278417
4.64255183128489 -1.916619082337011
-9.673194387377917 -4.191202523828293
-10.503281230146435 -6.202927221467181
2.4574364388908885 -1.056903860700929
6.016296640219347 -3.2673372095565374
6.063594138266204 -3.1903099398393033
-8.640243807226598 2.150615117924575
-9.142106682733264 3.4392206856161494
3.255908012294494 -2.2979741289859335
4.718754553079083 -3.1777209128150004
-9.260159998253405 -4.635408496470274
-2.0278860595371953 3.664487081346213
-3.7522974123525996 1.8147572254613005
-11.217395837068311 2.151592403563247
-9.20605484476036 -4.280785929664375
-8.561405642259952 -5.680906436443484
-11.00174901631505 -5.4091545977444815
-11.20134108619357 0.9485462856711493
5.833648823581201 -1.7231819682399476
4.371990615556452 -0.036585969632532134
4.701125818738392 -0.5518990949860401
-9.04074166917708 1.213214204791256
-9.972940271627502 1.3204748373475825
6.2996499562285795 -3.580741156234714
-1.8333634252116897 4.380539035554301
-10.380123643794173 -6.143897122088676
-9.475365638413507 0.563757460316217
5.78195473169521 -2.967027635640665
-3.628812301037989 3.9569506342150933
-10.178245587916068 0.297373214935279
-10.572467640456388 1.6898966615986755
-0.8458815942777864 4.215662729981899
-9.946658128228536 -0.3987539790705523
-9.586170257120576 -5.0829468523836345
-10.02414099911986 2.1490035067404554
-3.482766297029989 2.6941900636123677
-1.619760470820072 5.108231059017366
-3.6590983322752306 4.183806648325323
4.0214462608325885 -3.516593448010566
-2.059879162940094 4.372118256078123
4.77472764810173 -1.9441020736305294
-9.880217869220514 2.795086115963066
-1.9520467836863786 6.654350762515573
-8.8742805428008 -3.8493367419575315
-3.454046122202518 3.4447160729073674
-8.676350034461766 3.523313471261175
-9.08310317537803 2.1466520731316
-10.045688816191948 2.22533386483212
6.099196127675771 -1.2481107687188209
-8.703706326971098 2.250978383637236
-9.517809870868223 -5.914267692210119
-2.449723298238852 3.5079325161506225
-9.43909236321699 -4.965490184593706
-7.095404223479264 2.2612239198381974
-1.5122914765569058 3.2756540820547464
-1.8552171321333668 2.858557535536953
-2.0349212005786574 2.3390997057712206
-3.7718441377817262 4.445362616720233
4.191615512310072 -0.8283904883153783
-11.374318565546634 1.4985064489223874
-1.8919792441757322 3.2197785034113844
-10.73629464845678 -3.573424362531666
-9.361323425887216 0.9609671558067061
-4.284907748364644 5.811903309974047
-2.0752449695843005 3.5676892850373236
-1.7244132046659622 5.666202547175668
-2.1292086512096247 4.787458353360173
-2.5573535964887117 4.25366198100946
5.119230495433828 -4.568482475127921
-9.682889224464056 -5.399169604782446
-9.427097053980239 -4.288495888480406
-9.284021870262745 -5.972257040403151
-8.832346687257436 -5.081120959765384
-4.682320402240493 4.822565196912994
-8.370801112360056 -5.089708502614798
-8.701102816320732 -5.948534094344645
-8.305993677891871 2.053604549328691
-2.5849510829500972 6.311498934487796
4.626988953139911 -3.608665755631164
-11.728978094848209 2.4189407211238354
4.946310033428829 -2.556671918731007
-9.799483752686802 -3.9809515074799027
-8.941406329601675 3.2564947927652645
-9.358614058776762 3.5828577518335343
-1.1928308821429856 4.2700995413822165
3.7627461023371525 -2.7375389669175387
4.908634404950758 -4.616147619878744
-9.942456743660557 -4.138992569219037
5.1194026347748425 -2.840482258164717
-9.862115207525411 2.3499332439031484
-1.6871875112364272 5.155320494801716
6.801464807436838 -2.0386868648741463
-8.44746738589389 3.2054111266093352
5.46659544461768 -4.223060492955471
-8.573648747517268 -6.506796459341985
-10.57595456769987 -6.091175587230208
-10.367568908984158 -5.999378308138134
-9.839321533642229 2.8785422130290264
5.547610978655918 -3.317327036278525
6.046645816644545 -3.399872951673856
-1.945153932869235 3.850266186268599
-8.544694326785672 -4.883163795690414
-11.153327977529946 2.553329627511328
-9.96109549057369 2.0413782205864948
-8.2032916012987 2.1834764386535594
6.187915932942177 -2.7982070966595325
-8.551118350732818 1.3493829501965149
3.967123936061096 -2.592039439545832
-1.9893727864993593 2.225435652378269
-1.509316171536123 5.798875012238881
-1.850844919071889 5.31198483282428
-3.854657360011262 4.993514596556581
-11.349253463286763 -5.18889554649402
-9.866948507544814 -5.509773552420151
-2.4672357084293317 5.182294392428671
-9.013674188362788 -5.036455618198863
-8.544158170733722 -5.628252262880168
-8.3194659055108 -5.3346460870746
-1.0775190022026047 4.258352859636071
-9.442165364620513 -5.644886026458937
-9.808069345376998 -3.630986440912391
-1.890023941145878 3.302163135036274
-9.284941199047758 1.2813694426884845
-8.949803276359091 0.582025165776338
-1.826823596705558 6.155740950571558
-9.368342387694721 1.3118519857797126
-9.076578416235767 -4.2250229387021365
5.984636073916339 -1.4552987638641208
-10.69826073881792 -3.961193525652832
-4.118447812827837 4.439406662569876
-9.819082184996258 2.4970908614360394
6.6116505509739945 -2.7153659682919518
-9.085695974357106 -4.139669508080818
-2.799454788006253 4.618770714007942
-2.653295415583625 4.096670737738825
-9.304337108914401 1.8288971618281038
-2.309525610114514 5.337598399886132
-2.886461300780536 5.808692972234513
-1.5454967152963834 6.392018406855145
-9.955557025080445 -5.661811563734647
-6.8061096326689 -6.066696989360374
-2.8456971260067885 4.909448469416987
-8.964524733661447 -7.367893637613755
-8.885702067631742 -6.4507428233892
-3.8009017121018713 4.515275315233319
-9.410384176829728 -5.95351977702733
3.8797027982503156 -4.35938994224123
-9.351594139381165 3.7555856803474392
-2.1851171481990113 4.497431822330921
-2.5614394622762173 4.954663513400966
-9.459931208613648 -4.950506105281324
-8.696882601921153 0.5385495498114825
3.7407504679681156 -3.1348040835025706
-9.814662087123732 1.0955495616063062
5.6664967865032985 -2.3437926447127304
-3.198050874629388 5.629024019039071
-0.34881529097140884 3.508324117843502
-9.167749322091497 -4.209096947620116
4.619573029368573 -4.168228983894284
-2.946619653202876 4.1900098903429885
4.248286075907209 -2.044566471480609
-0.9534538662188918 3.1178213889682374
5.877365596518441 -1.0385286379521923
-8.106855940368545 -4.114228806803402
-9.473468386872423 -5.572819880059133
-2.127596605018793 3.116313445047089
-1.7937799883080627 4.665894109110883
-10.77486971576308 3.7045897961627174
6.073898699134158 -2.606651174959552
-1.7611639388660234 4.204004540007507
6.0091988089730215 -1.999004026081888
-0.47504898931371886 4.557496511529262
-9.921948455042989 1.9092364810629514
-2.0957056451356206 3.7472744395248743
-9.966054281070365 2.4784926920576695
-10.483411581756071 -0.0013242427633641807
-10.694324199632284 1.5593174240758756
-10.84880520573774 1.9349733258463475
-8.372540050558145 2.9566627701904116
-7.766914297264043 -6.371394856175801
-9.373305831830502 1.1486397445644172
-7.745082383961117 1.826621090923634
-3.1550866166123264 4.708644216735493
-8.115139775394201 1.8344019731363508
-10.009853468347181 -6.16168142167328
-0.48734812160360685 3.4612077493644433
-7.628994307227841 3.3416010966736973
4.510072427938816 -0.6422698948926837
5.896855361011812 -0.4369059012361798
6.222593357915638 -2.1200891521606637
4.464376695391148 -2.8513487842879246
-10.384742555068328 -3.4597856196684837
-2.2142754253463215 3.9585364279305844
-8.880685927667097 -6.171964328092145
0.06410344088207509 2.7593272678790113
-3.5950946959313264 4.851831676046728
-10.113222946579368 -0.7746519359832269
4.994134084366293 -2.7549833005977473
-10.540731797110976 -6.490245450381611
5.492740506162736 -3.6314821015165926
-9.427780405567258 2.6219243017315366
3.0858448366929307 -3.545777265925412
-9.656348184094048 -4.48444022545047
-2.1062586314616745 3.52507794216357
-8.600103137494202 -4.666290011962217
-2.6847143933281163 4.271023386180773
4.768105706466297 -2.4353438426542424
5.239575976562424 -2.183674810474967
5.401782283784959 -2.029901616857937
5.331256448140121 -1.4999513356595107
-8.929960591480816 3.8323340188940227
-9.963457699981687 1.6141520286306323
-2.4950894547126072 4.209296713434281
-9.932482895653497 -4.475281421027757
4.444274850235543 -2.588461365910391
-9.696658484688076 -5.397548653879593
-9.583818867488333 -4.266282424671273
-10.083499127518927 1.2700322409433245
-2.8663857899753555 3.9962488171524795
-10.48175130907835 -5.411585678369508
5.69749838066306 -1.981775190503003
-11.204845430833076 3.0040767570774323
-1.6414223030873478 4.481455291796347
5.571706754872469 -1.6746439406761056
-9.940893616104027 -4.343549476519896
