-13 100
-40 -92
-59 90
-85 -65
87 -94
-87 -57
-58 -37
-3 -97
89 -2
-82 90
-94 -98
66 -49
92 -3
-36 51
78 -22
13 -56
24 -55
-92 36
7 -9
93 86
-70 -87
84 -87
28 -6
-44 -58
-36 -46
-11 -41
74 91
73 -24
60 48
-55 -59
-17 43
87 -44
-61 -47
11 13
31 80
-2 -84
-17 11
-77 92
-34 59
90 -38
-67 19
25 -65
28 -55
55 -69
-64 -27
4 -10
61 27
58 -42
30 -24
-43 -48
61 -6
-32 72
-45 -2
23 64
-98 -62
75 -22
-44 -68
89 1
-22 2
20 -47
51 82
67 24
-22 -20
-40 -60
77 17
51 28
41 -1
69 -96
11 -10
-22 3
-8 20
48 73
75 -2
-70 65
-55 27
-49 -66
-4 43
68 45
-98 -13
-33 -42
86 80
20 25
39 77
-98 81
49 -51
27 41
48 -26
14 -6
51 -36
-2 40
-86 29
-87 -53
-58 -54
78 23
35 38
-35 96
-32 -1
-38 38
64 -21
-95 74
43 35
83 98
40 100
-12 51
-16 -90
-5 34
67 -12
-37 -11
-5 66
-7 -94
-13 -80
-73 -37
77 -80
93 -67
92 97
-93 -81
39 -94
-77 50
25 -50
26 93
80 -52
-96 -50
-64 -65
78 96
-89 21
75 -78
48 46
-66 21
-26 -31
-48 -43
0 40
-74 -25
97 15
63 92
-90 73
-23 -32
-88 -80
-17 -98
76 -19
10 21
-90 94
82 -81
91 60
26 34
-91 -94
87 54
-88 -93
30 -94
25 12
54 76
-95 -78
-70 80
33 40
-80 -52
97 69
-58 -97
-52 -89
-92 -9
-51 16
-75 -77
70 -21
-37 -17
15 -71
11 53
55 -53
38 -64
-11 82
-86 -95
-49 -32
-6 22
-6 87
-5 67
-94 -38
25 -38
70 46
11 26
-75 -15
-41 55
-100 52
-24 79
22 68
89 72
-92 17
16 -82
-96 -59
-65 -52
-20 -53
-65 20
-43 -81
-6 -80
-3 72
-96 -7
60 -30
85 4
-42 36
-39 -51
43 -58
-16 35
68 -18
-96 -26
-62 11
-97 28
-43 -95
100 85
-53 16
-54 -2
-98 -48
-88 -6
-3 78
-28 19
-35 -52
83 -64
-15 10
-47 51
-71 81
-60 -3
88 -14
5 -14
34 -44
-73 77
-12 -27
92 -38
50 -22
-71 -1
76 -80
57 -58
-20 -49
-31 -73
-45 -21
95 -26
-49 52
91 -71
100 40
60 100
100 76
55 97
-32 23
-62 -52
-2 13
-96 -78
-78 -83
-26 12
-28 40
74 53
30 21
24 -49
-52 -26
87 78
91 16
-58 93
59 70
27 -3
-3 -33
-68 86
40 -23
-54 29
57 99
29 -2
53 50
-67 -19
94 -65
-24 -100
49 26
-35 -5
78 -28
29 -43
27 -12
99 40
91 59
67 -28
22 -36
-53 49
-65 -90
-3 -44
-87 -18
-91 70
33 1
81 -65
40 -56
7 -46
28 63
-56 67
-23 -89
-97 -86
-83 38
63 78
59 -10
43 61
-80 48
73 -21
-12 78
-8 -10
-42 -44
20 -78
76 41
-88 86
-26 73
-69 -74
94 -43
-58 29
40 -11
-81 -85
-62 -9
-75 -55
-8 36
-50 -53
-21 14
-23 73
90 -69
23 -35
71 48
53 54
87 30
-33 4
32 46
-59 79
-66 3
73 -79
86 67
-68 -32
-18 2
-17 16
-15 -32
-68 18
60 57
55 82
-45 67
-65 50
-78 36
15 -48
-74 56
-77 -80
-9 81
93 27
-59 -22
16 90
39 82
-10 15
-34 42
-33 96
-77 -75
69 -78
55 -15
71 1
72 -74
-19 -76
-37 97
-36 40
-27 86
19 -83
68 -59
26 -62
43 18
-69 -51
-59 -48
64 -53
92 51
2 91
-77 57
-34 -74
44 15
-33 55
-77 -20
-52 -57
-20 7
94 -16
-39 -36
-61 49
40 76
53 -77
42 28
-11 -12
-66 46
-88 -58
-41 82
65 70
-19 80
94 27
-11 66
15 100
-62 -36
86 -67
-38 -48
-2 -50
38 -18
93 -15
86 82
0 0
-38 3
-97 -12
-13 97
71 94
91 -29
-100 11
-13 -94
-74 -34
-40 -87
96 -86
-7 53
96 -7
14 -7
97 -68
3 -63
-53 32
65 26
-78 85
20 80
48 2
-55 8
-69 -15
-48 47
61 64
72 -1
-77 49
20 69
96 79
-91 80
17 -70
-68 49
-93 -72
47 33
-88 70
82 21
-88 29
94 -83
-35 38
41 -49
-93 -36
-32 22
97 -10
-53 -47
4 -28
97 80
-16 41
62 51
91 -78
-20 69
-73 -83
60 -76
-79 38
74 9
59 -69
-74 24
2 -85
61 9
-23 32
-94 55
33 59
73 -69
-67 67
-6 66
74 -50
-43 -38
-81 32
-2 -17
-5 -7
33 99
-96 -89
-5 -24
66 -15
89 73
-100 -87
87 -88
45 76
83 84
-27 56
-62 68
12 8
-65 24
61 71
-92 -34
-71 -18
-22 49
47 77
72 -61
3 47
91 41
56 -3
34 86
-55 -65
-96 73
-68 82
-3 88
-74 88
-99 17
59 33
35 44
91 85
55 -80
75 -30
-62 24
35 19
-45 96
-47 -62
-40 87
-60 76
1 -4
-18 -12
-86 72
14 -52
-45 -50
-95 -9
-50 -37
80 84
47 -10
-93 -6
26 62
32 79
-11 -22
74 34
22 38
-95 -3
44 -90
74 48
-92 35
-93 -54
72 -15
20 -27
-34 -13
-40 -13
-58 80
-32 -46
-50 63
-98 42
-10 63
6 15
73 -35
32 62
41 24
-67 -63
10 -47
-66 -100
69 -14
-13 -95
-90 31
-49 -14
-22 43
23 -79
53 100
66 97
-47 0
90 79
14 -93
28 35
23 -63
62 80
85 -12
-48 65
-21 29
-68 -13
78 81
58 -88
-89 -16
-53 -43
-57 19
-43 -39
-31 26
-45 -63
-74 60
39 44
80 30
-100 -96
8 -87
6 85
-94 92
-86 39
90 -5
87 71
-16 37
-61 4
34 6
-17 58
3 73
-51 8
27 -93
-3 -12
-14 6
-5 21
-8 -3
70 91
32 14
-76 -55
1 19
-46 25
83 82
44 -47
-19 11
39 92
-54 72
-29 58
7 78
-22 86
27 36
-17 31
-72 0
-54 -53
53 91
56 41
54 -61
-65 71
56 -45
10 92
1 -27
-44 74
-80 77
-37 66
-78 -63
97 -23
49 -45
-7 -74
-97 -44
78 -25
22 0
-38 -97
90 -88
-19 -69
33 -31
-28 -58
-79 77
-59 59
57 -16
64 -70
45 -81
-41 -6
36 62
-39 88
85 82
-86 -5
45 -51
-18 -64
76 -81
-29 78
99 -28
47 -6
-34 64
-80 67
98 -45
8 -84
-55 -6
63 99
-63 34
7 -15
99 17
-99 46
5 -80
32 -93
5 15
43 54
-1 99
47 54
-74 65
-64 89
88 -92
-61 -13
26 -41
-10 -94
-16 40
-6 61
34 93
4 62
-53 -90
1 -49
40 63
-88 38
-1 -11
76 70
61 -17
-26 82
-27 -78
52 -90
14 61
-33 -87
-35 58
66 79
-76 78
-77 -83
-82 12
-27 -36
86 -14
-72 -79
47 0
-49 -90
81 45
-34 2
38 19
-25 12
19 20
100 -12
-34 17
-75 -56
2 59
70 -53
82 -21
-25 -37
-46 -41
57 95
91 -34
-76 20
81 -56
-34 -54
-21 -75
1 2
6 57
-13 66
-15 -57
98 23
28 44
10 33
-15 32
46 -64
-67 44
-13 -66
32 85
-41 -78
24 -21
-93 25
26 -54
-8 30
37 -29
49 -93
-50 -34
22 -81
-36 79
-32 -98
9 95
69 50
90 45
-34 7
46 10
7 -32
74 67
-56 93
24 -98
10 -6
20 46
75 8
45 75
-96 97
28 -65
93 -68
-79 85
-33 84
-73 81
81 58
85 19
93 32
20 -20
24 -36
-34 -47
23 -59
47 -19
76 -4
-16 -5
-14 -35
20 95
-85 96
-33 42
51 53
58 90
-91 -63
57 40
-26 71
97 -50
-35 -76
-38 -34
-59 33
-80 94
-3 66
40 -58
-98 -74
-33 -35
72 70
20 -48
100 -6
-10 86
19 -34
-72 45
77 -59
-1 51
65 -20
70 -95
-73 96
96 -48
-51 -29
-86 -58
-60 -87
38 80
-28 -6
-23 25
30 2
-34 -98
-56 21
-81 60
74 -28
55 74
1 -5
-85 27
-28 46
71 63
44 78
-30 64
9 54
52 -63
76 85
86 -40
-2 -96
-1 -38
-76 -71
-35 -94
48 44
-65 -19
38 -38
-52 18
-93 88
-6 -76
81 -67
-69 10
92 60
-41 -45
-60 6
40 25
75 -76
37 -10
50 -46
-79 28
-40 -11
18 3
54 74
-84 13
28 48
75 48
-44 66
27 -99
-32 -55
-57 72
51 -15
-36 -52
-12 58
-91 -21
46 42
-80 -97
-7 81
-60 -18
-78 93
45 69
-43 4
54 78
67 68
40 23
42 22
34 37
-40 44
22 -80
33 -22
-70 40
21 48
83 -24
33 -32
36 86
-65 8
60 37
46 -86
-44 -42
46 -90
-99 -64
44 -49
-56 -22
84 11
-98 -53
-35 -12
96 -34
33 63
-43 65
92 21
54 -41
-21 -15
-38 -50
-11 -40
-94 -56
70 -42
33 -75
-34 96
37 -68
-69 -69
-30 -31
100 26
-46 82
-47 76
-21 40
-60 15
1 29
16 72
91 -69
-38 -42
56 72
1 39
81 -72
91 73
44 -21
93 -76
-8 65
66 -67
-69 -81
-46 -42
37 -95
-39 -40
26 -53
35 5
-71 -2
34 -23
54 -14
27 -36
84 -84
97 -79
27 4
18 -17
-23 35
-37 -98
71 49
-31 29
34 -26
-52 56
-14 -6
-87 19
-97 -6
73 -51
52 9
7 -28
35 -55
-66 54
6 -26
27 93
-51 -8
26 -3
75 -85
-28 48
-39 75
58 70
75 47
8 6
-22 67
-49 53
25 40
30 -75
-1 -9
-97 -23
25 58
13 66
-98 -97
-71 -99
-83 -1
11 -83
22 -43
23 -18
39 75
43 -74
-8 -30
-62 37
-85 -31
41 -45
-5 -61
-36 -61
-47 -92
-24 5
-16 -60
-32 60
92 -2
-12 -25
-25 85
39 41
-35 -43
70 -98
-60 93
-24 27
34 -94
-59 -57
62 -23
16 34
-32 -21
-47 -55
65 87
69 96
-49 69
-12 -93
-83 89
-44 -6
-80 -70
46 -74
-91 23
68 -56
-95 82
-92 -12
86 14
-11 13
68 -73
83 15
-18 -36
-57 -1
95 -21
19 46
