8 -63
-65 1
69 -29
64 -49
-21 -84
-41 52
68 54
29 73
-97 -14
74 49
29 -13
-38 -1
61 -62
-1 -23
57 73
14 81
18 39
63 88
95 -92
-54 -33
93 89
6 27
36 -6
-83 32
-44 -32
-73 -71
87 73
-40 -67
-61 -72
-71 11
69 -96
20 19
-30 -7
-15 -58
-48 -95
-92 -32
98 -25
77 3
13 -64
74 8
29 39
87 -96
-1 -86
-31 -93
87 93
-36 -21
45 -92
-22 48
94 32
-97 15
95 98
-24 19
-12 26
16 -83
94 58
-22 -2
75 -36
-15 -16
-72 63
-66 -73
-92 87
30 85
67 -61
-44 -100
5 -83
77 -57
-51 -22
-19 -70
32 -80
24 99
-71 -74
-74 52
5 11
87 87
92 35
81 0
-34 52
-9 11
-70 30
35 -24
-6 49
-48 -74
57 81
21 55
-40 28
62 100
-58 43
-6 75
88 97
75 -3
-24 -97
53 95
99 36
19 10
-94 9
73 42
25 -74
-57 -23
-8 72
-84 14
