22 51
-50 9
-55 -66
70 -53
95 -46
-73 73
20 40
-95 12
-69 0
26 -77
-16 80
-5 -71
27 45
-3 63
-58 45
51 54
3 -72
2 53
69 45
86 -27
-67 81
11 -99
-67 -55
-83 21
47 7
66 40
-11 -1
4 -10
-10 -36
-100 -54
2 -47
-17 93
69 -44
54 29
84 28
-5 -3
63 -35
23 65
91 62
-7 -86
78 6
62 -38
-59 -87
27 44
96 -56
-50 -36
-47 94
2 34
28 1
-18 -55
32 -59
57 -94
-84 -4
100 88
91 -11
95 17
91 26
4 -31
-22 -53
30 -93
90 -37
-4 -88
86 80
65 -4
86 -67
17 -6
-41 27
-72 -78
-89 62
16 -55
15 70
50 80
28 -20
17 -13
39 23
-19 -52
80 -96
-89 -92
40 43
-2 -51
97 -7
0 -84
49 92
82 57
-81 33
-29 -47
94 99
100 26
-69 67
39 46
-28 60
-87 95
-83 -88
7 -75
-80 23
26 -13
-27 69
-3 -40
-4 -22
82 -11
-91 32
-80 26
93 -36
42 42
21 -67
56 33
11 61
-41 -5
50 21
-36 -65
87 -85
-89 -26
21 17
-72 32
-34 68
-13 -20
-49 -73
-31 -33
-99 29
-84 96
-13 56
-46 44
-77 -81
65 99
-17 -22
-32 0
10 -41
57 47
8 30
42 100
-94 -17
78 47
-91 -44
79 -65
-6 68
68 41
99 57
-16 -4
-68 18
1 -77
64 -8
27 -50
-28 -61
-58 81
63 -91
-41 75
-7 -4
-85 -28
-30 -91
-45 85
