-31 -23
42 -40
61 29
-58 -92
-76 37
-75 8
88 -81
28 -79
71 12
-8 60
-46 -66
73 -69
49 52
31 56
96 -32
-55 92
85 -92
98 -1
25 -35
2 -36
-70 29
78 72
7 -52
61 -3
26 43
83 -90
93 -48
42 -78
-65 -44
90 72
-60 30
-71 -59
14 -97
85 -97
-28 96
-93 -73
-8 -74
-10 -97
-98 -28
3 47
79 -72
-24 88
41 88
-6 -60
3 -59
-96 -48
-21 -92
58 29
36 83
-10 7
58 -87
-29 -17
-18 95
74 -55
-7 -75
96 -62
-2 -85
47 -22
-68 92
-38 30
-68 81
29 -4
-100 -1
-90 -64
-30 17
26 -22
41 19
26 81
-19 -1
-41 60
36 65
-94 38
-28 44
45 -66
-75 19
-16 46
6 84
64 -14
-45 25
27 100
-80 -32
-53 34
-1 -93
-89 -60
-13 88
13 -84
44 5
-97 -39
53 -34
-3 43
94 -84
-63 91
-75 -34
1 75
-30 77
-84 92
-52 -33
97 -40
83 -35
-88 -65
-74 70
-26 -15
-41 72
50 4
-62 -50
-74 -78
-83 -80
-99 -5
-70 26
-50 -81
64 -23
39 98
-1 47
-27 100
-26 -46
-82 -65
-30 49
91 -26
78 18
-59 56
67 -79
-36 -99
-58 -65
98 79
-21 4
-34 59
29 -7
62 97
85 -35
72 -79
60 -12
-34 89
100 74
23 84
-53 -58
43 70
64 -29
-79 -16
-86 28
49 -46
49 67
69 97
-68 78
-39 -2
-74 -52
64 31
100 -61
-100 33
-57 -79
