-99 -38
-65 -99
77 -67
55 16
-87 -43
-51 -82
-51 -37
31 -81
14 -60
44 -98
57 -14
-60 13
-97 35
-41 -84
52 -52
99 -100
94 -26
-2 63
46 47
62 95
-84 -4
-49 -21
-19 -85
97 -90
-80 -52
32 -48
-62 75
6 -96
62 25
54 -33
-25 59
50 -33
34 25
3 17
-31 -100
-44 -56
48 -17
52 17
88 49
59 -79
-64 18
12 76
89 99
89 13
-69 80
-34 -75
-54 -21
-100 54
63 -29
-100 -25
33 -32
81 66
-60 38
-52 -80
-19 51
-70 -87
10 25
88 82
10 4
-45 -10
49 54
62 96
1 -67
-92 -11
11 87
7 15
-65 66
-31 -68
-41 -4
-78 -35
19 -35
-97 -32
-11 9
-68 90
-7 22
-11 -90
-40 -58
61 -26
96 49
90 92
-74 -95
-19 -12
70 -66
-49 52
62 -95
-18 -4
18 -28
-90 -52
15 66
-2 -85
-25 97
-89 30
-73 46
-43 92
-14 -31
-48 -88
37 50
-4 98
74 49
-73 -1
24 49
-69 30
-54 -71
-22 -100
67 19
56 94
100 -83
-74 -55
1 96
-26 61
-2 13
42 79
8 -34
-55 -81
92 -44
2 69
27 -9
-28 -37
40 100
-23 56
73 30
98 -31
-57 -7
92 -37
71 -76
17 -63
24 -94
-66 28
-54 22
51 35
71 -8
41 49
-24 68
42 -36
-98 -20
-56 -60
75 26
-7 86
14 53
-66 -47
-92 -61
96 -74
73 -32
8 -97
76 53
-63 -4
59 -67
65 -29
-70 43
-86 89
71 78
-80 -91
-22 81
-10 -13
92 50
68 73
-66 -10
-46 -22
23 -8
-13 95
-21 63
1 -4
-91 -65
-78 22
1 100
93 -16
80 -27
-9 -87
6 2
-89 85
38 38
17 -91
-12 30
-75 -81
-18 -29
-68 -2
-48 -8
-87 41
-63 75
-3 -6
-39 88
-16 -44
16 -73
-37 -7
2 -81
-92 -100
51 -64
-40 -42
64 91
-3 13
-59 -17
67 -35
19 -20
-93 59
65 62
79 4
-50 -13
-31 50
-51 -5
-26 5
64 40
75 36
51 -47
-1 -68
87 10
56 22
97 -60
100 74
-61 -87
-21 76
94 17
94 -29
58 75
51 98
-48 -50
91 -61
4 -97
-12 -95
-72 -80
-79 -36
-82 -100
84 -30
18 72
-75 -28
79 -8
-47 71
-72 -89
67 -43
45 -85
-79 -44
-82 63
-67 -54
14 -36
-20 4
-16 -43
80 61
-50 -4
-13 16
98 -37
-64 -68
-38 0
81 91
4 92
-70 83
99 -68
59 35
-28 31
-22 28
3 -24
-72 -57
-67 -2
-90 -26
6 -60
53 -43
92 48
33 27
92 -63
-99 18
-45 50
47 24
-70 -36
-14 -5
-53 -36
83 -56
6 -77
92 53
45 66
22 -45
-40 29
-62 -68
41 0
-89 -71
-35 -95
-100 2
44 95
-23 -58
30 88
26 30
46 -95
-89 -18
43 94
-99 76
-13 -43
-1 -25
97 67
21 37
-28 -19
-21 -89
35 90
81 -47
26 100
97 14
43 48
-90 50
-49 73
-35 17
-36 34
