88 -92
14 50
-27 -3
-73 -5
24 -30
41 11
-67 92
32 71
-17 35
-65 15
7 82
77 -48
-24 78
-46 -81
-99 18
88 100
10 48
97 48
-92 -16
20 35
-28 57
-91 -64
34 93
93 91
15 29
24 65
-63 65
-79 -20
81 -23
76 -77
-8 -5
-17 -100
65 27
-48 16
62 63
73 43
-27 -41
20 -40
-100 4
43 -71
23 -71
-5 -61
77 62
72 77
-25 -1
-28 13
51 -33
-80 -72
-37 18
71 45
97 -51
-71 100
-2 -13
89 -66
98 -10
46 -7
-64 64
69 51
-90 -7
3 44
-56 30
-55 20
48 90
79 -23
18 -77
-33 6
-34 52
40 74
-58 -26
8 -10
81 91
-47 -74
62 -37
-38 -20
100 -27
74 -17
-78 -94
41 35
43 -30
-38 -61
-58 -10
8 48
-65 64
-16 -48
24 92
72 3
43 -10
-42 39
2 19
49 12
-38 -4
-3 -82
-42 38
91 -60
95 33
38 3
-90 -3
-47 79
65 -90
57 -15
-56 63
14 22
-47 -22
-31 21
-74 22
46 65
-88 59
100 -72
-91 66
-58 -79
64 93
-4 15
-96 -82
96 -1
24 -76
-67 95
-87 -70
-71 -93
-37 -55
59 -91
49 99
-85 -56
-83 -12
78 70
-39 2
82 -30
-25 -75
-31 98
-71 53
66 -80
66 -46
83 -86
9 97
-76 72
-92 -71
90 90
-89 -49
92 -43
51 9
41 45
-48 25
98 10
-87 -20
-46 -70
46 -98
61 -19
-31 -94
33 61
32 76
54 -13
83 -16
-69 -96
17 -63
0 -94
-30 -68
27 45
-4 -11
-38 -14
-58 78
-23 -96
-81 91
32 28
95 39
61 3
-97 65
-67 81
85 79
69 58
-46 80
-37 67
44 -79
38 -75
-85 -30
54 -19
59 -19
-45 67
-100 69
52 91
72 86
2 67
-44 -74
-76 24
-49 3
-2 91
64 1
43 -87
-3 64
-38 100
-74 11
53 -87
12 66
-73 -33
-55 -73
-47 68
6 -72
46 -26
1 64
57 -33
72 -29
91 62
71 -43
85 -16
51 -84
35 26
68 -48
58 77
-46 -23
-33 43
47 -89
93 70
92 -4
-56 -27
-12 -4
-78 -100
-46 -79
86 -30
61 -25
45 -45
2 -5
16 17
33 -87
31 26
-39 -93
72 38
-7 20
-10 -60
76 40
73 -90
-17 93
-9 -5
55 -89
89 45
-22 -89
-69 -49
86 -95
-54 -39
-76 77
92 64
29 -83
-13 -30
-53 77
39 45
-35 -88
-54 0
-24 36
13 -10
-18 76
23 9
-60 -10
73 95
73 -94
-9 26
-88 -89
-54 13
89 6
94 68
-43 -49
-90 74
-41 -6
17 78
59 83
-95 47
-75 -57
-82 12
99 85
97 -55
83 66
69 10
92 -8
-65 -65
18 86
66 27
-10 53
-49 -97
-81 13
59 90
18 76
61 58
95 -100
66 -17
-66 -84
16 83
35 -27
14 -22
97 91
-61 -62
36 -89
-24 -36
83 2
-95 79
-17 38
-10 98
12 100
-54 15
4 63
77 -33
49 -40
-21 7
-33 26
-100 -74
