-0.08541819455860455 9.768188908685762
-1.026986733111445 8.747336026460237
-8.238663585663527 6.9167815780236
-6.559454446351629 4.627907096275955
-1.270377972140144 9.419628250920667
-7.451017243146971 4.635800327880102
-1.2421723604041073 9.828181322478667
-2.288092821991822 10.415709717359809
-4.59540011914904 5.68977068303614
-7.683688707646768 4.157834655797165
-7.04920272486552 6.943413764701087
-7.008904898917985 5.771871774628688
-1.9837901560636328 9.112377436278052
-1.577361260315201 7.806686797645782
-2.069931257777854 8.503786531955631
-1.976614490909389 7.965675997493788
-1.871633446537536 9.91144885010786
-3.253326391483588 9.67187464837565
-2.057658978328935 8.44195260324616
-2.5298030322648284 7.983837706008999
-2.1689211090678464 8.218603987758291
-8.785432375322197 6.143707181579985
-7.761835953136906 4.569330000719434
-7.551260004711638 7.1124909740029825
-6.963388653603003 6.929884322390569
-5.163590003638834 6.293764781599451
-7.175863161458961 5.7636266831210845
-8.55657918629536 6.403283906779426
-1.96352942161437 8.89325722870568
-1.7849497133917922 8.610016546656535
-5.877434482171007 6.2902636365948625
-4.20968247806208 9.53287927254166
-1.2701060624377318 10.285193003861883
-5.276324730515151 6.545600806411998
0.27083256277681644 9.163020528570456
-7.939241823794583 6.498643427078304
-5.617590119349966 4.781843055930405
-1.205758113796811 9.21779053203384
-2.3496001128260797 9.69989439528974
-9.983947986140496 5.849787984670662
-5.985888941186208 7.03855281558876
-1.8151843033650914 9.570593774826888
-1.8588573204193493 9.172831556176229
-9.001583770927075 6.1957625502236215
-0.8002387843617299 8.501797416188738
-5.275396628865805 6.429905363589177
-7.7114786520825955 5.1748311440138695
-8.211424917433794 5.205881610513979
-7.756538486384362 4.9844449700417295
-3.5596589289940503 8.785707788027276
-8.205151315141855 5.225838852096684
-8.051804342651417 7.3557309118577106
-1.373624506551219 7.598307829499127
-1.6084383384254592 9.015544242136048
-0.71453391876971 7.017924381487232
-2.438375218976137 8.439070831645218
-2.8500850656977246 9.498059242335886
-2.129857706950883 7.975991420610808
-1.2499204884649016 7.356287432875037
-7.140240582865784 4.580542694907752
-9.053956467322454 6.702017763489604
-7.78687531514344 5.36835153361223
-2.3503879614718883 10.175330686719935
-1.6195316103098922 8.463757354677467
-8.696270722548997 5.680527211015215
-2.02484780897006 7.44909017580928
0.08752174799723655 8.347772422825441
-7.273627882660324 6.451454761987216
-6.10467087757318 4.695631400338964
-5.765348794979321 7.214120750866412
-5.941223354729892 5.125925973874169
-6.570858942498666 6.551646854477957
-8.401052038245977 5.495199639708168
-1.4756836179278137 11.846205607579012
-8.003959047818283 5.9588901382619515
-0.747478618938672 10.518727052048844
-8.705168116575415 6.523823820530403
-2.0664914237848495 7.970802729115401
-2.215888568170448 8.115937494114188
-1.7736752607176114 9.19092367264963
-7.030486840706588 5.04663076814659
-6.184260183616972 5.790347648792433
-7.956344553872954 5.950963693457463
-0.8048991870933316 10.289339092673046
-6.938721036932682 5.34900553029089
-6.8966800179978165 5.127452853395219
-5.927433964278073 7.160814292671505
-6.559413711930782 5.506763804039591
-1.1937714758973388 10.511006862842208
-7.725955269327527 6.420310130426982
-1.7103156726982256 10.13237132551318
-2.4085511576433416 8.495376125240506
-8.803102383334886 5.912228862088665
-6.66886656622399 7.3020275253028855
-1.5453105679583694 9.153574528938146
-7.475759886179682 6.24969049468025
-7.904896363977027 6.419201563228308
-5.236910970885313 6.011574991928099
0.5923374728547022 10.214450953935732
-8.272246680744836 6.260165476645522
-5.443485040810873 5.695730162146517
-1.0004062795800448 7.049844771399702
-0.029634181144262195 8.76145421840533
-1.1034499804314017 9.355054268059524
-2.3696662654812632 10.163648920924867
-5.916812709274278 5.3038497452035145
-1.181379326146667 7.812215819053038
-1.6966971766845738 10.008920471362536
-7.838537672117678 7.559577134887811
-0.9111857688056845 10.38812296706726
-1.932334790258035 8.854643457855843
-6.878410918677911 5.761281625603195
-6.312736659239835 6.319550611676101
-6.921018646358769 6.6110761138359155
-7.260157373792084 6.348133419905823
-0.48785385738193576 9.302761135109524
-8.030481422890388 5.118335354022352
-1.289445564936259 9.299787856020634
-5.3530021812662945 4.142624656401877
-2.1920550168602557 9.482860979084734
-1.0954601193607076 8.03556955202794
-1.5129179975877998 8.600577711510583
-8.015332399638535 5.875953015301862
-6.195363287055891 5.46875599161146
-6.340197927753336 4.92268541342565
-8.780284525522571 7.40206266726657
-1.1844063058759953 8.529463115515362
-6.681212578753598 5.146201885280238
0.2029412592916795 8.988654479509746
-7.2563616327658345 5.674126872602179
-6.791332476406552 4.335152252786938
-6.962719962873608 8.061610492869477
-2.8860281839365998 8.666199724138146
-0.7395455941060141 12.253288398472531
-1.4834305328652269 10.649319585658656
-6.347383465498633 5.9851020157492165
-7.7614852891536135 6.972071683140534
-8.470875318475956 7.15884775889515
-2.0848484206916966 8.853871536335847
-2.9152661401602957 8.820777857113827
-8.394945567564946 6.972322651032303
-9.20279203818068 6.35914222519388
-1.7014526707969384 9.620364592324686
-1.2749005493807524 10.788519994143883
-1.5914461627156278 7.523545396232936
-7.26071996970204 4.858947024607408
-2.2227909331185933 9.393414002844274
-2.0219471283374175 9.636842230198278
-9.671361673957124 6.403401079116675
-2.366151582361211 7.612803507136007
-7.075440327567697 4.581086602223279
-0.4359674244926095 9.799061914386883
-8.390169496354204 5.06013338772947
-6.823830950443485 5.491743001872471
-6.169027715529 4.9157819113243635
-2.4129420682539657 10.005816732573045
-1.2455873783289 9.751914027688487
-7.26111097886761 5.880625173124028
-7.982573329468948 5.7360083989325
-1.6604540869622597 9.849575580343647
-6.83140043424676 6.960739289190576
-0.6344438175670436 10.75614737479016
-1.2914322692947091 9.208982558682639
-2.090235494997337 10.106754605415738
-7.633180659207127 5.41742422857953
-6.0899555131964425 6.107299004515987
-1.7597357487286398 8.422772060063073
-1.576981827086709 9.199052639075692
-2.091678059202822 7.90960147418854
-1.935960200921621 10.182866373562637
-8.309948690384262 6.9280357741721295
-0.7988356787406344 9.382589111639604
0.42644085643192486 9.00449760908889
-6.738225901103305 6.696981516126029
-1.4948864353970415 9.976500803605402
-6.207077714173344 6.592695380975649
-7.299747944585904 7.908525464770639
-8.23189757852176 4.010755986741636
-8.950123556134246 4.567973922714338
-1.1384353034227235 8.107310057264973
-7.745304210816666 6.98418992986034
-2.3081288162244613 8.618302327961224
-8.230548520437635 5.325823576507144
-8.645405291948096 6.229321924833702
-2.1753533378799665 10.456673764348139
-7.883848082261462 5.8225126830173695
-2.967047837696464 10.496905715116393
-1.8930923843861565 8.897873985916975
-1.1257593462660687 9.859100749721726
-2.3500013235898174 8.807434133482865
-7.105335067938614 6.796052619998298
-8.475381501404218 5.960084948333495
0.2709302748537883 8.650064810887113
-1.6507803429719452 9.569937104086216
-1.343613815462203 8.675147034290534
-1.7885703215986863 8.330154474571398
-2.4417815264792977 9.406014236134553
-7.819645692149384 5.881684160875751
-1.675480346675471 10.35922230284539
-1.636052152035391 7.861463048902497
-2.8964157165674393 8.381207877272388
-2.7738182342234854 9.305586958608654
-6.624852937013438 5.685696006624134
-7.332760896018529 6.166687925305357
-2.022043088711821 10.56835413513595
-6.529284525449969 6.174923531375388
-0.8407072040252178 9.612404741280507
-8.281071531758698 6.667882515828537
-1.4909919906046487 9.255712435669144
-0.8582178655543397 9.621934196169889
-1.1821919128788378 11.697278620050493
-1.144419634879627 10.686216029583948
-6.252127091520625 5.580542500690231
-3.3036569716558457 9.37709682929598
-6.488405884669465 5.9476728337958855
-7.198013857781785 6.031565645839579
-8.425612585224327 4.618799496183257
-7.530270938545716 6.840887164644582
-1.5164301843517534 7.898387997731151
-1.1735527852827683 9.304696367286716
-7.1624633328711385 5.013170172543629
-7.769887332204951 5.816372825143235
-5.251083351229681 5.482216028606948
-0.3382833454063714 8.962153452530185
-1.5412401464270697 10.734750804905236
-7.332953557458701 6.835303197545155
-2.651891064486129 8.275578133474827
-8.12457765754528 6.758905407564854
-7.648587787805368 5.395479508860656
0.3205666755693397 10.140114074927887
-8.05133824051246 6.302682948276846
-8.34009035610251 6.454405390567165
-8.34387896620683 5.131368873253816
-0.1471038107756486 7.16970589133704
-6.425580887599815 4.829103040535918
-2.0385848662114485 11.712507377812951
-6.757624588537251 5.542552421523317
-1.6601616038217328 10.144566587253916
-1.82058354388695 7.729119153775684
-3.7355363978838083 7.703057213459795
-1.1810991042465417 9.64401435481059
-6.645866365309838 6.047699275031087
-1.0558901501458604 9.812097806800903
-2.195744625808141 8.874040623438576
-6.912585429014407 6.753784575327137
-8.094557343797778 7.025062630499786
-0.888726148277537 10.857115093589538
-5.719820210835447 7.099858903119664
-0.9211540711115743 8.951958737399519
-8.57362227757949 7.426652343912846
-7.013072491566193 7.152997403105181
-1.0180483388563952 10.199011779745032
-1.6605339012411793 8.603292445196859
-2.3488823783643986 9.256390684203492
-5.137473225466357 5.253183507118638
-0.8799126621730678 8.71562893402048
-2.1633152924844046 9.546701112692054
-0.6287718706206898 11.383467182112476
-0.944345065692127 9.38806658937914
-6.867428626887032 5.748273087036285
-6.84505587466546 5.880936528786807
-7.8437709631467065 6.765781593964326
-1.6073130956376602 10.39498259617459
-7.991554928991234 5.09863236860822
-6.305520468728637 5.396778947801913
-0.929996827581426 9.013915672227418
-1.0730423213895515 10.518758763124168
-6.91642450342321 4.20943617814823
-2.083509103685193 9.463347072712148
-1.8651545156080187 9.843109086108736
-6.736216272088289 5.871507403950744
1.0353562009033404 10.46059060729536
-2.348160751706654 9.171357378852566
-7.861658726028333 4.591526170506979
-0.7899477661804694 9.11410508676455
-0.005020975335443323 7.7848060870076425
-6.3102084165306795 5.482625914029135
-2.932574591309656 9.115392675302086
-1.973988917314771 8.765705149500146
-7.976912625732794 6.079626065552364
-1.158326516555094 8.619159644567267
-4.935795742261557 4.018673457542311
-6.317523988315046 5.983654625693845
-2.8036693289170342 9.492637530284426
-2.2953719260840186 9.01352268904224
-7.7283665661083525 4.656282127286516
-6.689899869215282 6.800702402081142
-8.100281305989737 5.363874416154429
-8.138726270630755 5.9291986568643225
-0.8839840369861095 7.836691089336648
0.7733478731395378 9.188608644027084
-5.865427406146459 6.487495193598644
-2.3828189294516178 9.390043779135263
-1.7081913006684029 11.29041995159389
-0.6070963216410836 9.681209929046526
-7.469096967513796 4.9164473423406205
-7.8907964924066585 5.856175498524576
-8.626803924754721 5.141351245003317
-7.509243910786187 5.378107370993324
-0.9716958872773221 9.189594393713033
-1.7927303401351073 9.824748371133982
-7.327775154997281 8.814125842933246
-5.821643387151199 6.5811231564680375
-0.8293917283782521 11.577943697095618
-6.424021854101266 4.449261135301008
-9.182667064830722 5.645473941053683
-6.629142138767112 5.5832307436112965
-1.880642926794022 9.52546074246969
-1.0608599091110027 10.011651921929962
-0.8317280661025576 8.533756229951866
-7.614493289632761 6.52987185207907
-1.7539682283875613 7.4912837664956164
-6.464113279938309 5.690507663114372
-2.306965901160437 11.180132455555029
-8.256377260074142 6.747312898210902
-6.521422778739339 7.120369668539896
-6.362574726324935 6.144806619201861
-7.262532520848904 5.765714543289088
-0.41674379385421534 8.319933122848207
-1.0628855933612087 6.950971396339176
-8.713045598059143 4.9592754036896665
-1.12620556664916 8.486134980102099
-1.6336901879909222 9.414891662661832
-8.341323361999944 6.308316678527952
-7.561542558926674 6.371767369195132
-7.9590025764351795 6.510491555939753
-0.9602127470050466 8.09055643342099
-7.2429126724155415 7.689364060591927
-7.042876616164205 6.0350665830307975
-1.0079700658111825 10.089395782260844
-0.9310729475022848 10.325553114075362
-2.534116271815483 8.180037821285714
-0.4134516148797456 10.499474448302196
-7.867218735428335 5.558542559233833
-5.9144844096968665 6.577616380175639
-1.6290134793313509 8.047891511419904
-6.432229991813653 4.6738074437839
-6.075575616340609 6.770136933723204
-6.149531166051204 6.71548773020005
-7.817588439016433 6.6131372943849644
-2.462463488344622 10.582808612195443
-2.7518919727784406 9.082630772212127
-0.6932107518894525 8.964122223134039
-1.7976606281089458 9.241879662774792
-7.725221400211147 6.861840260962154
-8.614108480826545 4.921557665363627
-8.27319465170469 6.595832587034877
-3.3556930918245134 8.216365013676736
-7.5520899925358735 5.480616377737935
-3.0606707545261704 8.790866127672563
-2.9959876619576162 7.427650088004437
-1.907277409577104 10.537240388301084
-1.911861107004664 8.008837618773615
-6.796403342090267 6.973236616042425
-6.358540389044601 6.0670947249062515
-6.745596010218255 4.702674848614291
-5.587281172396216 5.641495552102427
-7.547842681625276 7.031221931053403
-7.338095236034721 6.613793535539314
-7.8693409166164 6.193290061355568
-1.1011539588630377 10.30984135186837
-3.2983672101754093 11.373422514678886
-0.35981222839542126 7.479227514678858
-6.0507987923423 6.942238882973049
-3.926258460656202 10.268429352201
-8.624767993126017 5.468727533812058
-9.304136662363549 4.362682886179032
-3.13315644933176 9.314028432447715
-0.9253085571780908 9.205067588533788
-8.560664089132501 5.567191140900217
-1.2352486281705237 10.444172150828253
-2.0892105449281786 8.684187881141204
-6.83795225682371 4.985527891417716
-7.456333797012017 5.948157378616807
-0.7669885895102675 8.812193334875195
-7.158663044045608 6.572216486725919
-1.8212411885391528 10.242071430797441
-1.635891800290923 9.152103013039687
0.30615502777238146 10.026763048848961
-4.788873260296782 5.814852172269835
-1.7894933815714522 8.081730547038203
-6.359496381691745 5.843879622482563
-1.208212869754079 9.687268205715835
-0.9352820222291798 8.362013164014508
-8.025610317862114 5.81829065234772
-2.272388189720346 9.074089271099087
-5.969827653790037 5.65289802042583
-7.041671598208968 7.561512688440425
-2.065321034297879 8.741132605275395
-7.779063845583484 6.5176229414095435
-8.777861384574937 4.5316618966650255
-9.121826488361606 4.323955617536854
-5.969191952090105 5.659328459147315
-7.528580220473948 5.254888746925072
-6.324240810500136 5.9795062809162625
-6.985838781464766 4.636829703408298
-2.8155260116791108 8.072743251214307
-1.2161872477271607 9.062714974381427
-2.283663197527736 9.156313341876103
-2.6510882497598045 8.76094388649983
-6.049778076026156 4.897992709356435
-0.8747641380636011 7.359521566360325
-1.8502949649514504 9.579744432684672
-0.8173209800652614 8.48351158104081
-2.9326520924446964 9.745259351196216
-7.407083424143425 4.226983006685025
-2.8642108497122827 7.761082787088128
-1.93561158951014 9.244548964814124
-6.796050332906176 5.029530315620547
0.16121740610080937 9.28219251987685
-7.726094978073809 4.509793284602228
-8.411469428825423 5.506399727678597
-6.089306391471938 3.3303361489462135
-7.171790479221119 5.443165799924502
-2.4928483947617552 8.728305851047775
-1.1715100479372584 11.037239321458692
-8.53799215768049 5.509326317224461
-8.232245989230698 6.5939663267153295
-1.6583516883479457 10.72450914149984
-2.2892576070068715 9.654577066360234
-3.4994587535037525 10.874022456809472
-6.1000647394516685 6.80814226949866
-1.9577918439755277 7.908181444730696
-1.0166489350464958 8.923395843572623
-6.321749213770161 5.638196529663753
-5.372056627400357 4.70222520639944
-1.7286261421527314 6.270815976796682
-1.1233006823219192 9.361608986694636
0.06117270773811345 9.057301009092884
-1.3344699572134802 8.343572372154847
-0.7799117239623043 6.945360593062451
-6.224717189657437 6.539235673997677
-7.56085838793763 5.820154912161514
-2.258368283928622 7.899017011009046
-0.7540485490198683 9.814478101480214
-1.164599866446995 8.226932630916945
-1.2560959841237331 8.79265935241649
-6.595196704895805 5.965718371325156
-0.6790648111677726 9.257414023006872
-10.062990242048095 5.9627903845946495
-6.980334296167045 5.0740501498043695
-7.5500933317226995 5.001356960815721
-7.489506138450042 6.250556337672977
-2.9800407995528038 10.215743110827493
-8.837190365457191 6.163820207651918
-9.782332642806182 7.2086733798105715
-1.6809062513855781 8.322499950545623
-3.7348420482440243 8.824179907442463
-0.2622558132124795 7.890209195357034
-7.2305565135790255 7.26163471646773
-6.428951531663557 5.839592711769014
-7.456451862835453 5.964689624793743
-7.366414099162286 5.996834122696934
-6.524846254091044 4.05516873274513
-2.074923539779411 9.383746644306896
-7.319317219860931 5.462814869615258
-1.288586974194289 9.715971258984045
-3.2120052965932544 8.435007827461435
-9.50791530610416 6.11880568008428
-8.258136325349568 4.640246573067604
-2.708651239848048 9.25264898377017
-3.2218109009664024 10.37075054057938
-2.367598244947466 7.550237498318959
-7.665126560181665 5.365918109620517
-6.147008001220949 6.643898905764611
-2.9819102093265126 8.283908855884018
-1.7517853591072523 9.186070679862143
-2.1371846105622296 7.114566547203273
-0.9234923146812426 9.608280731894814
-1.166529070266653 8.00264634440163
-6.822661670880885 5.91633660122535
0.2801952717719296 8.926902750631475
-8.731002357138845 5.227817899667601
-1.4452028152031309 7.7453577110105805
-7.4977614149988225 6.156627056845972
-3.5078233304428066 9.70177070097596
-0.957403026951244 10.086954547118236
-8.196921410097259 5.0015853154828775
-6.888174625034182 4.405025169220469
-7.7477515255394875 5.980937209226734
-0.27864143986595047 8.680403246936974
-10.17430484339538 6.797243648941897
-1.7964476226085704 9.215875253632321
-7.772241812123625 4.509040105301715
-2.792196163220626 7.929565609963388
-8.2607475155251 4.685157604883614
-6.552442176746222 6.3395117491457125
-7.212655154526756 5.904026144638627
-7.873971886354402 4.0539342802461515
-7.392820247615174 7.225544922598997
-7.282972764797171 5.999115382023388
-6.741147416026378 5.13861766336481
-6.827668806559281 5.484731147695393
-1.166982515014565 7.9490038445085265
-2.738070999209501 9.813137605371862
0.47223543822918934 9.013745518957599
-5.589695294071257 5.44427632192378
-6.532826471038919 6.004556085979994
-2.7222262727941273 10.578039412989614
-9.483682744560642 5.473557330194045
