3.4198677944721254 -0.6609249968697106
8.801906255129587 1.636837777550686
6.466236216418813 0.24818928567964083
9.051011831855615 9.650539077720879
9.32230564923558 -0.2143795005310225
9.67865316621861 9.716935212260152
9.09382618853999 1.8452615613718288
9.657172315427268 8.66248304594178
8.974217566982604 8.486022822971163
3.606726515526122 -0.1472675053209649
9.521895749720322 2.9791572375124864
9.786546818758833 8.429348997848564
8.088370673264858 2.091857356545679
3.155622062526409 -0.8319610967650989
7.732846787206739 1.1215527169299517
6.590137571463539 0.19138977937528656
4.552144476253909 -1.2625912768244463
1.0301435181311125 0.6019286875451302
9.190178017646446 10.851957180033695
10.313423322348815 10.61306943902861
2.1106560924266957 -1.6349333056217565
7.457671383591359 2.99407956208169
10.096119129523123 8.519712702441174
10.135330341249103 8.81100043553333
2.645979214783215 0.11005421112035596
7.7739427412976685 1.6431713642441372
5.388985970180393 1.1391256970251367
11.251797517443983 8.77694572240608
8.290093470579944 0.787105122377574
3.41611964339815 -1.3502534083512672
8.21152627361058 1.1106496880871715
4.870185499856819 -3.066045453833332
7.329565250717233 1.3750671912606136
6.400966722490516 1.2870031269650122
7.682811832387107 9.940813546250464
7.29854496331496 0.7062460444812305
7.5011074842566225 1.1587110601516097
2.9767149425070496 -2.048931800488171
4.880204685157657 -2.405241564484928
9.910799289669741 7.655867110882937
6.321735067181076 2.6242023007345434
7.441300828489917 -0.40849645590274797
5.075758942719378 -1.8483531775522812
5.22356301978578 0.1133021774001639
7.5088585690247065 2.7798595279600335
7.952184778429651 2.640956202702988
8.649305045124919 8.829453174306643
4.782396189331491 0.42483422351529576
8.711899844770235 9.663110065027068
9.711572639763267 3.581714760699992
7.497678798316933 2.9648372783676615
7.670768541190263 9.37137857471779
3.6969648545469793 0.3077439726166926
6.379161949236482 -2.3179622081730367
3.724443067440526 -1.5078498071749158
3.600483150285737 0.3912545364490878
8.915122281227191 9.514458027466448
9.446873490693099 8.82823199395548
9.282670640056685 8.875638944048838
9.82328095603429 10.027056484730334
9.501409416720342 8.948308323332917
3.47788096022405 -2.323489801080731
3.589916095226458 -0.8068465415149216
7.488114981572699 2.080298595922293
5.395949516299756 1.843941378019979
10.704519036360676 7.941835098935879
9.29165422556709 9.65702842761324
7.198468757719715 1.9036278261362891
4.054310384820192 -0.622450192273103
8.426478635769218 9.838000376647749
10.75825212167449 11.370749820061958
6.579123232746781 -1.203327725447446
4.531553837105986 -1.641763936528838
8.543548800252502 10.397857137936619
11.746987192700349 8.600042407956328
5.702000171866899 1.0940320349246664
4.790840212452373 -2.421982108030351
4.613106522215982 0.010750115560608786
9.010198147558516 9.978485304436605
8.799840967827096 8.656694971212229
10.262805486057328 9.427737467853216
3.581691736113468 -0.7626789902940417
4.852706707206414 0.8180172830306693
7.9996466990918265 1.7890147892853814
10.535813380483207 9.503451263856931
9.32572185550041 9.251517556685023
5.908181506587244 2.75714345271666
3.8006379646197916 -0.9543618942609207
6.80968636615623 1.2967494265793318
9.698692620814345 1.8332301289043444
1.7868190000383128 -2.616936065507406
1.1813335140986543 -1.550704008379739
10.658234523348113 8.587317943931062
9.772107742417097 9.045331104237865
10.182020031236167 9.52656206473327
3.5014926375214643 -3.0749907731137798
4.6815708126732 -1.3976526513367973
9.124519262161572 2.518094969609649
8.8961933037056 0.1987725639686737
9.388759324226479 11.041642955116629
9.102977255277924 11.946915559137517
6.787323578175219 0.39876078139241233
5.083401353519342 -0.16789270766628595
4.791704940911998 -0.998518264566075
7.133394662333086 0.3417767460201737
6.381345834200163 1.116973479778966
10.022297829427046 3.135957273908025
10.286975082195234 8.604598614342292
6.898976491042957 0.37359980675356663
7.488561409198191 9.856658181014526
7.6434385499316955 0.8538181513444916
9.50370963325048 9.15919733161337
9.47223413462015 8.071607406175612
5.846295549488319 1.2231865236265858
8.391228485932897 1.2178738077889433
7.941568400389716 1.6330600577543608
10.76778504818577 8.294260587811758
1.5751255554385848 -0.2747209241659787
4.3557709246589855 -2.0533517118454716
7.060760479639979 2.3031626358995356
3.0886599007790343 -0.6397645177329636
4.384763320527787 -1.3338893403040593
8.340579369583713 1.5954181378988335
2.2849510431198716 -0.7002067568228241
3.494015616583127 -0.20628557835611405
7.662357402161975 1.0989384983235022
7.750396304001988 1.8041415470760087
4.6083880764450615 0.43871128564226236
8.375863719381895 10.104704982443117
8.418630667506026 9.642048632148985
3.882751760660585 -1.2591552791303613
4.968331396012009 -0.7973931687451936
6.335351649093787 0.2528474659740285
7.852116907011407 3.6078904695424536
9.947698623080424 10.443226383763994
8.399344602215537 9.973749358478821
2.271963446810056 -1.2301297500838595
4.3919114924752325 -2.8104584521173788
7.698928051591703 1.5168405462811358
5.847260692923051 -0.31673586052802516
3.1364963741262564 -0.2413927245853471
10.84769607440804 8.954323207028311
8.745734183588866 8.634095887960267
10.739630713147218 9.83684191466594
3.158918068517319 -0.14580180128582854
7.947044979860332 0.4001724024511151
10.530849425027732 7.714793690606964
4.341013501118052 -1.5184306988057201
3.140976992719478 -1.4477794342205679
7.714006183438174 1.9170312613645426
10.411362480433082 8.506477879088603
5.384461141988006 0.610956266270668
8.998557920750445 8.926853730702742
3.5738997959524976 -2.4163316792601126
8.020383212250252 -0.6217882816426499
9.331514019224702 8.69715204196974
7.780083579449535 1.5191817251684498
7.372006096038672 1.1010622984601086
6.392041172509282 0.037336356219438205
4.000566057739128 -1.0269116422493412
8.960975567959009 9.50469746494499
2.6289725534120882 0.04320749884376496
3.039950407048187 1.2723796918865058
6.567696543607578 2.4241379520529978
9.402273037309634 0.582386021022378
10.505769443338073 9.556944406362724
4.274276980040979 -1.877701006220339
6.867117909798559 1.5090216533802774
6.134919616072616 0.9348705067436965
5.743440357335238 1.7568294977970178
6.062762937208865 1.4138519745971057
9.350928518569871 8.082168923053215
11.551201599662496 7.719925457564235
11.721691772504421 11.028485351914364
4.761507161702579 -0.7027071260376612
10.271854882194749 8.914864963512395
8.040026286881258 1.0442602381343582
3.848041040473929 -0.9263742227648881
2.3748186531748328 -0.7788418381521188
8.760702227320916 1.0549021934985063
8.432409184498466 2.1698308034400133
3.9624404541845064 -1.3398008977864861
8.626976002711274 1.4366608028322883
9.244665779584443 8.872560596539275
9.29586567813453 8.26738972283135
8.960191578879588 9.841293766927002
5.468328632111539 0.00019041584456536143
3.3215718656479254 -1.1423953821873838
4.601252047506084 -0.6035241000456573
9.408538931981061 8.919203333648241
4.226987158315673 -0.9438140978208516
5.614643512356556 -0.4239545017825366
6.875991408554462 1.6027596375700917
10.5677133779203 10.027396704337603
9.900923693276873 9.99908316402076
2.0388055786113695 -0.7500245439661329
5.893365228117021 1.5810070746627591
10.915420223788066 8.579709240053562
2.465869917707643 -2.48159090458037
7.737472690718671 0.8937829797648937
8.467309721094637 3.8854766512656944
9.401736612924482 7.343022739414785
10.247961165793418 8.585737700338738
4.458858210022494 -1.4862450845693933
11.199923596216937 9.015715463269952
9.322219236718212 8.69274806890749
4.640739794880357 -1.2662842830352283
7.494833497402641 2.603535576040313
6.8156500543375955 1.0939694925106886
2.610963176881702 -0.21834107618475396
10.263559389308197 10.45027915947223
6.938999585603632 2.415717154239865
6.148585418125171 2.318418620959838
8.090108684662738 10.74305832871343
2.729863151862339 -0.9587445524024987
2.2778192265028183 -1.220365288667289
3.5806546425259227 -2.423176033334274
4.106897925974751 -1.9612450878997203
2.53544091358803 -2.608133802626681
9.298442859036221 9.958307600160031
11.111530802073327 9.57093310203616
10.718609856576283 10.547178540984167
9.947915242258716 8.12763949031252
4.525728694401556 -0.9923103006466782
8.876198259462175 1.3569580799958807
10.097669944571905 10.394805994796771
11.095165591947682 6.893373970748092
8.250444113103827 11.681986216526523
6.910947848911067 3.250583491427083
9.110267741640104 1.954588034646851
5.165880003822141 -0.5824829269408567
4.8724408119057045 -1.9907232229648562
7.991700206139997 7.788197589404449
7.485754790880049 0.5832458165821605
2.8834389910018636 -0.8203590778376639
5.494043709082847 1.3220910336371907
9.37838700012837 9.20607905022857
4.292019151621598 -2.721068271225323
9.43220406861437 10.3309025475919
6.58507239933515 2.4031048111440954
8.936371143462287 2.591668785223631
6.725742619034554 2.033355444397647
10.4991824617021 9.502832943719993
3.873279911315183 -2.201363314213506
5.801143164471149 2.036809456414691
9.030167895435127 8.48948811859708
7.454612669285957 1.6181669812842934
8.54655226141391 7.538528470096408
4.155563426833879 -0.5811508147285056
6.948498783438672 1.7943390068910885
5.36202074408829 -1.3333925360310117
3.9428619138320786 -1.7110031428819412
1.5194476625548297 -2.1764896081510505
3.8032327690237318 -0.7910395235727986
2.4681899064890507 1.67203685647701
8.625931553655938 0.49482038616933144
5.8601619782428935 1.6708728212316135
9.925119171085596 8.323116944631604
3.593555607438168 -2.1480340918840435
9.685110161117043 9.923354161177219
6.061967253785917 2.2929221426493376
2.956498892412716 -2.027071587208276
7.12835848014116 0.901184733990497
7.319001545883183 0.20787428258509122
4.2216600671686555 0.3229096058837526
3.91416517680983 -2.4717055090573385
9.145115078460076 8.193082295325373
9.080712113146621 1.9062766331445342
9.658972471926239 8.893018174789207
7.4905687265439695 1.592428381395157
11.006357603578346 8.612802092249236
7.968954848114086 9.837738736957576
7.835294053874537 0.19543208789276068
6.695222276230296 0.3816170533479618
1.722791852131518 -1.366476698738932
9.172770663452773 9.082107670226645
11.0077953571971 9.237234130871832
8.05530029506003 0.8508206335656097
3.5982637515618805 -1.6613223107381319
8.367874318210767 7.839787853650364
4.026600292705879 -0.09022624230981369
8.09406674394378 0.3165729194814696
6.754023877833201 2.4760430569200746
4.714774429792329 -1.874792651537084
4.389351347906326 -1.0407998001234111
4.458235558008947 -1.5376453257988474
9.631833958107158 10.157096740434959
10.111104416390518 8.659135387005136
7.656889837985971 2.4583861849660282
3.2281118431631683 -0.04546299632637407
8.99414395780363 8.453851170756256
4.0598084971147115 -0.3371372060518174
3.1469269346463413 -1.0437253230607002
11.004645130849958 8.077437426048636
2.888802790321373 -1.3250631985748245
8.77154624941836 9.202155278989318
9.931496937789763 9.372015366513951
11.810926031306014 8.121971767529185
11.583353711358845 8.183110772448833
10.101989397963587 9.500432011098006
9.913717464684987 9.235554769910772
9.421023461963214 11.082079475904328
7.935774881122367 -0.029436606434989798
3.4791105760179533 -1.3815544385041711
9.216658325470338 10.751822857922871
12.658870438691133 9.593223150705203
4.581090116083203 -0.7682163230153431
4.082050338058049 -1.8295462128711755
7.741289370190459 1.1643009083342295
11.458024254548029 10.001353472768313
8.96530022852784 10.633192386538253
7.752115768610336 8.71046690845845
7.6861701097657065 2.095146547216199
6.164946313503764 -0.04808106078811769
3.5830745059040354 -2.0172427617035895
8.684508657224281 9.153594126905617
2.9445245697331597 0.006748870007482144
7.294832182467943 9.6802031924222
8.475140404839218 8.6438093988139
2.9483220739132285 -0.4711868597179192
8.693323788821056 10.426134751884945
7.499122905851429 0.4505740058785699
9.807839952053246 8.319250947173789
8.621459621844844 1.7686480046842692
6.984129278990728 1.3294540805664892
8.21997512925678 0.08429263256208497
12.07745709815264 8.25534178034486
7.268410903147565 10.730884658296763
4.79630925286498 -2.6385281524684006
3.2027419833774364 -1.0223228838988774
7.920137624305292 2.926251407689535
7.013167222622026 2.399924319830032
7.486153731694814 2.124386390723562
4.853492674389132 0.19284482433804118
7.430905123510419 2.5047836949338
8.855438095408056 9.430086653832591
8.74791806270044 10.131936666667505
8.325047248581727 2.0391888765009005
9.58724663821428 10.821531475331765
8.647391468598123 9.514181186932777
10.330798355641772 8.96375321379381
9.443264241720215 3.219330670240687
2.3722673850263276 -0.27166014885626677
7.9581659215550395 1.4515657274189826
9.003284419956529 1.0610993142631806
4.788436523202081 -1.8859733178942815
3.8227112097414837 -0.14243958720300587
10.211281451676 10.320261486691056
5.137378898412582 -1.3263884324003157
7.186334459677976 1.9190927895932803
7.652360444084811 9.447911512718969
4.489012139189397 -0.7997282175902022
9.054732956996139 8.80684865081229
4.503963467742703 0.15879996801198093
2.7841700756828347 -0.6977411033320987
5.017493075724399 -1.0537397527968644
8.19885776995319 1.574406664584335
10.063497375240491 6.516144511406682
5.5292010289997515 -2.3196881611590254
3.402661854908823 -1.8251707484963182
9.638037211048056 11.381010732229242
3.4360943606835015 -1.4120382554243323
3.6129685101597793 0.8851280201478224
9.591372610847658 2.0554261244745806
4.869457976751474 -1.4261904481886183
9.853905218141122 9.58142326508258
10.229332354220922 8.056533325168715
2.9700014432121744 -0.3172947768469412
3.568672095126464 0.42663281416367416
8.86592178336713 9.467913147060347
4.396912898891271 -1.3284217152040125
6.146720645796301 0.3429668764806284
2.9003943840372086 -0.8230080085393332
10.773701868301307 8.498090782833824
7.294797997605165 1.701973480468118
8.619890457896576 9.325742875457015
2.772871338147252 0.3487576780833965
7.006031623490697 1.7497706108858744
8.140575931035714 0.2668221912464088
9.442606165425573 8.469058382065423
9.505365954786752 8.526114868794108
7.119910061596322 1.70351783604882
4.96863219493178 0.13914729340282328
7.333901994526631 8.741700915859202
8.428524369680193 0.9755999606349708
6.358116201052309 -0.61954975595306
6.450762844152008 1.8873866788672444
8.233063160432703 6.3046914647112295
9.602054956948294 9.34122020690023
5.917065217716589 0.9551055857549573
6.426863624391745 -0.07080158715432772
10.471770309691003 8.251239881030147
8.49612855484007 1.497683541244762
8.672564486189028 9.466074683545491
12.018725902074797 9.258337585090334
3.4042305092589076 0.05895749864603461
9.87702784047031 7.139939358598206
5.009405104429115 -1.4267920612931273
5.356829266016897 -0.44726716281400947
8.628466116500034 8.623918081574272
8.107279884700985 8.073867258460165
4.876817054978236 -0.21264174282995996
3.3418985354568953 -0.2431974601326211
6.474972354836307 1.9506319205790923
3.984576395400936 -1.3003824285072485
8.216821700762829 1.6744492721732698
9.888994767904656 8.845702772567577
9.60593604691246 8.507072845696044
10.409453424318075 7.743504969949914
7.823653873187454 1.042884014355867
8.065290643853052 0.8479872578935321
9.787589708780702 9.583670084268533
9.505163607963011 8.805588043922942
7.419984190808441 2.360081475294246
3.446367518639542 -1.8695019568523517
7.988407635432606 0.10282298608186058
5.078712527778626 0.2900764415995445
9.093477914246904 -0.5259709105948038
9.007367376482097 9.67831704351609
3.3381034500394495 1.3037579825995702
3.11148843571451 -2.313707822750708
8.785705848865149 8.838234507088794
3.348464645852687 0.5580397492449181
5.423270638163006 -1.0996495613369646
1.4952656455712772 -0.5520267918240664
4.148060637587703 -0.16517068953767877
7.096769120605964 -0.09619518271639826
9.392747521478043 10.833094466676277
7.6858818980739585 0.515966959073866
3.7298869517393274 -2.5555443052552747
8.078099210992866 1.8970243699766536
4.498603862693953 0.6381603014290966
10.043785476378787 10.473597953565799
9.186715130455704 1.8789395283792634
4.34716359821997 -1.4607177884774367
9.280936388630158 0.48157556163034565
8.668187583819368 2.5261485577792198
7.392389158812955 2.768010835848811
9.274953803576615 9.46905645809869
9.424738816425155 9.37752896080947
7.949766436852803 9.658789469812968
7.276197734755631 -0.2582939951651304
9.15237119593337 9.418991976284238
8.141334767795641 2.0645213153319024
4.497993256472274 -2.619013071197433
9.67557666231508 10.278098711629234
3.146602266490172 -0.5179307174860208
7.8039965566262435 1.2457451859349395
9.326439489208155 9.092103037386508
8.018482528763693 8.492615604684046
5.564604469774814 -1.3885923862557732
6.080643121011254 1.7707879684757586
3.8063606917066433 -0.9208059866970487
11.1301402148907 10.013214325321732
7.8376547875805445 1.3766125307866899
3.872742938877589 -0.4208122962502703
8.214341609814113 1.0500408516428494
9.978690049671052 8.54529344213909
3.7618039201325466 -1.910431044246675
7.777435566558002 1.5599822589520056
7.668416984822165 0.7230586179041913
6.259222392506242 -0.8925113315151882
7.505933531944524 1.1878635104977615
6.015319825523935 2.063153770376592
5.114157092753058 -0.07102490256550653
11.038875612755216 8.18014582559693
4.384602604873866 1.0305042945064629
3.9059632594736144 0.10061541220902437
3.65012533402521 -2.117893072866429
8.55911277353937 1.3957136964174182
7.791774990983777 1.9969435826304447
4.875738268621513 -0.10465803382316918
3.6890372243679868 -2.6033396076154562
5.072063805745514 -3.0495509199587767
7.303548799293554 1.2127788346021204
3.8411772767324726 -0.941193032978355
3.368832091301851 -1.1173964025515024
3.4443411591995075 0.6467127162434951
6.503291853331871 0.04364016832417028
4.807202887178381 -1.3988972489086213
9.964172722317137 9.119744256330279
7.796071001913992 1.8753242127029786
7.872765306730746 -0.7377089515753541
8.923443641596029 0.2683179385693961
7.900660236848697 1.8084439783612682
9.974766436979003 10.205326556225021
6.530517515456423 1.2212422828803748
8.44254507421924 2.079227054990902
8.874988998510208 10.16260713848073
4.1917116786836335 -1.7694325800922865
3.415241486658529 -1.7599879401816043
5.87393992115072 2.2186263529679406
3.9425617101510197 -1.6076194362045357
12.170437077511039 10.850594255677157
2.767426831108546 -1.3236705777795743
10.145670769432911 9.130983882659402
8.429950501291993 1.576907444207512
9.09627983496703 0.5605439744550826
10.253990136470815 10.155654518879258
4.849256469018019 1.1426784006398818
