-2.5553279612965842 -10.436598410771966
-6.199515602336882 -2.9035183908464646
3.4979021433591018 10.324901329058422
-7.524747645884676 6.521412101455781
5.765685237787292 7.31970908467884
-7.161341109772655 6.285150687564766
-2.7163081202198827 -8.721355198561348
-7.860534951604064 -3.7078037479628603
-8.912498181232289 6.390730424541553
-7.334236902085153 7.697171533732415
-3.7336157105777725 -10.363209389349805
-5.753579412333243 5.474376607799347
-4.7433123856580615 5.03791746786915
-6.180711687650522 -4.526091534873803
-6.264707993951905 5.712259639844801
4.976387951693771 10.569235417059781
-2.5098438905495586 -9.525842440307343
-8.014080098937727 6.925645060599608
2.761301230951171 12.839372711523946
-7.023799321461394 6.804591742165902
-1.7125455915159682 -9.927323259409315
-5.548287859401943 -3.226464412609116
-3.530543578505176 -7.807928665633196
-7.908949232694314 8.185920316622697
5.882938403184612 10.957751902410381
-1.2631542860943568 -9.380015765097482
-5.783422151610029 -3.573000887276389
4.346109411760763 10.17545363042467
5.351176827951415 9.216617805413817
3.5049490870370623 8.231776561843605
3.443370608792388 8.790371795394517
-7.9544158980107085 -4.1461392501183045
-2.2513289618119154 -10.856553745361355
-8.423908164630294 6.924134047532556
-7.781052449059539 4.856334961081364
-6.607286808822247 -1.320382946541061
-7.384838303789904 6.00491271469287
-6.866201598602266 -4.09809321183894
-6.437915319310487 6.53345616768254
-4.803368960144219 -3.5034498094130258
-3.1685446894782148 -10.71996394149813
-6.198606123764251 6.78544247134962
-7.47195596687633 5.430891257305895
5.663029697654438 11.13175939770814
-0.6080250514553511 -7.6063671783098314
-0.5638678993139763 -8.422506968270952
-5.047251730637961 -2.5348665316211223
-7.195695175083494 5.68461373591737
6.277743789268544 9.425808580373797
-7.475120837412956 -3.074409895933933
-2.823446298907578 -9.943088214079392
-6.635794867875344 5.366365132131411
-9.012985997400705 6.100078432051331
-5.914137518997116 -4.343119555714038
-1.3380878043233968 -10.872129702180242
-6.609528274843705 6.546180807603691
-6.1189944824443 -2.9057233373857425
-5.447337843750445 -2.5920568320277635
-7.602407978038663 6.067113701657157
-5.552275269546618 -4.513219927632958
4.609474000683502 10.065943056016653
-7.410438111661667 -3.935482627944778
-6.066264761364111 -3.426928082401118
-7.467530470167573 -4.9530976902034425
-6.168877970827901 8.458015920811945
-5.337276418211054 -3.0715990994169413
-3.3296911984060493 -8.934811999890044
4.3624114295058725 9.668546126668346
-6.444200422083814 5.576573546686107
-9.02055634954933 6.819005431643698
-5.505727009510948 6.243570886535228
-4.4939655942990075 -4.840294196638465
-1.7977357710559458 -10.821238368921092
-4.93477784094938 6.538856780978494
-5.503399300700096 -1.5462955098648963
-5.743902578039334 -3.059896544159606
3.970925244631743 10.491220800795283
-2.77380888585428 -9.398670563161112
-2.2560724983000964 -11.168174523973299
-7.486537738456029 6.208456157768062
7.226269975652258 10.17672288349601
-7.229488802633799 6.3067535915423205
-5.31492188752048 5.678003212559039
-6.560100596665586 4.47188238943569
-7.020799012400885 5.9140286531193755
-8.615111201630903 4.709981562556797
-6.063943699450227 -2.936380297776258
3.427676385277453 8.877022117236251
-1.619037534082608 -11.203674616598722
5.329984623449024 9.577845311434988
-6.312378132450288 6.333556150525098
-5.628365982518273 -5.3093228608048175
-1.1952206878690348 -7.41507488721944
-6.230520144299679 -2.132186120464937
4.050397299166769 10.593432402807048
-6.116363234572628 6.845063832600612
-1.544051137280629 -9.80614601460505
3.1620977995698096 10.283801315565873
-2.112473276072649 -11.158301631748737
3.5633522568244085 10.878294949688915
-6.801003680526789 -3.6302840707527673
-6.3631689744016295 -3.5634836873728464
1.9262074653862626 9.662925949560552
-2.6058357614025796 -10.185025435708189
-7.508420520913816 -4.052281061268745
-1.4338263066031205 -10.059634916752692
-4.608805577778929 -10.549064671823023
-7.261107161777783 -3.733405926840127
4.609575415166899 8.955277155687291
3.0008716196690264 9.075942986742326
4.285366943293759 9.38481541414114
-6.938890093284115 -2.4723482307887426
-6.106029115335393 -5.3203278933940625
4.5504512379318145 8.137430240764806
-6.256375131161688 7.0659066766865335
-7.293182858846759 5.640045474630686
-3.067395369496019 -10.234951313231802
-6.3347248571927794 -3.222722024662088
-2.4416219383470925 -9.047457615359848
-7.277617274844059 -1.8297311381815817
4.215288404713677 9.596737437142098
-6.728578105259004 6.713446331714031
3.780577027219239 8.287489911470644
-6.730727934324612 5.8193137290639205
-7.79007954777152 7.391837092521712
-2.3625610423103076 -9.838737461802383
-6.2784158293246675 5.5005749840372955
3.46628559264097 10.284076009874369
-8.735429370568658 4.23441717194208
-7.58072575468561 5.413905395344946
4.311450940940079 9.13564974722643
-0.7597242204441674 -9.539610965776541
-3.034261125871783 -9.383454379592717
3.6088872289319065 9.983447240460835
-2.5271385732992218 -10.805997082862039
-6.634677755762121 -4.07319675155056
4.64568929507674 9.960722857597597
-2.6949601837233175 -9.571848583243801
-6.862955321320529 -2.366833680804538
-6.400321755313451 -4.276585731646823
3.0708736174220848 10.685974932104815
4.013133849373636 9.318569336706265
4.875914087701333 10.942946173833683
-6.152173933303965 -3.333647226711282
-1.7884391061165932 -11.58454983425748
4.072915665816735 7.907351392753494
-6.9653092314862 6.488081816272546
-6.505648810595026 5.373493085795521
-6.8970084307752195 5.849786300572055
-6.96602585557493 5.538177578653596
-8.44226148103158 -4.057540161295931
-3.0016554993460267 -3.1742235666250984
-4.677080193977167 -2.81986021885746
-7.854809797038528 -5.316560222791155
-3.714329913753562 -9.845146587098547
-2.9300832837499833 -10.100441640562318
2.2113526364362377 8.726287309243034
-2.2082278129258843 -10.000944977466661
4.103870453954679 9.081049114785674
3.832379143632855 10.612562171529515
-7.167319625960228 4.056192872654812
3.8905615396230746 11.440892139394851
-3.4212879364590343 -8.66615452048848
-8.812494820885847 5.234487730685943
-8.97159656710246 7.596725584125647
-3.7818974157359557 -3.7436257745561035
-6.671727340729875 -2.2717353682876293
-8.182278967062258 5.234637794088991
2.7414309084677164 8.449009904229957
-2.085387844414927 -8.827209726105451
5.062355968940306 10.797675851837546
-9.498612175543188 6.1197351793238965
-4.513928365800144 5.86941673185007
-3.110875389931232 -9.916666564429041
-6.945885786904824 -3.634445345282326
-7.399454175376523 -5.246830649625926
4.198063457179839 8.30574923177485
-6.274945711261624 3.8565857654350424
2.926175901880031 9.861154668179296
4.564318985238177 9.041905409528907
-2.3330166331331172 -9.864328536178935
-1.885637810094679 -10.097458134741974
4.594953449491973 9.38151494770654
-1.9672428248979583 -11.125970229372504
-5.63152127351002 6.649626622238232
3.085156278194832 9.11911669437157
4.612005072064999 8.713121083293904
-6.6241672249231955 5.68258339846342
-6.941170103503732 6.460938274951012
-6.672464386121381 -4.3652608471769785
-5.215731390478138 -4.489514774165124
4.599976626125771 9.040715601752625
-8.249235423905528 7.7733934999274865
-7.58070144947366 -5.19655201464492
-7.643816308098137 6.795761786347072
-5.8749879834335434 5.173531531507511
-6.878040178664208 6.8156978791652785
-1.5926995519270917 -8.990968850082984
2.8133977176935963 9.788940663806885
-1.176381028589331 -10.748175811122348
-5.456497776980815 -2.832947080699999
-1.6886420109374052 -9.386077949863235
-7.336884522780017 4.528249595031185
-4.690473954674978 -8.45014211345153
-1.4886597046077261 -8.588800826612443
-7.2683394005594675 -3.8780198451392147
-4.7970105153272025 -3.638305509771723
-3.0028894374757087 -8.827483734278612
-1.7470462676874332 -11.63175766709905
-1.3728930467465412 -10.052901968134648
-3.2664737557630574 -9.438204830525947
-2.9191959154839533 -9.701030798253083
-9.272319435317751 5.533464123962987
-5.339814006529165 -4.197620894064345
-6.568395383747888 5.70088570469525
-6.252420632615169 -2.346231931072661
4.611472629768547 8.831668233620936
-2.4825387808935946 -10.061049538003411
-6.432971518111663 -2.5836994565234255
-7.8721289854083025 6.079216037466109
-8.001789588338905 6.493117703768992
-7.426065024374547 3.8112183808411633
-2.1627805801797066 -10.839769008361184
3.3842489203265793 9.307443963858898
-5.815948403519646 -4.1951720867392535
-2.674843644258726 -10.728655089062025
-1.160249572485102 -10.432449739439521
4.226526390687126 9.865488975075122
4.117495369215241 9.650782141846694
5.8987694853884145 8.642303977524016
3.0285444776713195 9.091305624233643
3.621704106923097 8.705621762445778
-8.326734273601167 6.106024146377594
-8.438446430943827 5.579238526478418
-5.5891898728122085 -3.6015877941213237
4.617955654990547 9.220948638971597
5.299143102551371 8.65796817600877
4.075701875736086 8.482882537550523
-2.426601212349025 -8.438615977581474
-6.747108583311895 6.011230592882014
-5.573029493958623 -2.925953565932565
-7.6468194681620645 6.732241533384167
-6.883326959318673 5.626929787669636
-7.222871362019726 5.902042146591054
3.6720293050406 10.683420012832276
-1.9470362303790223 -10.264534464335327
-6.695952636156348 -2.3324029905642005
-7.942334860765379 5.643145916568844
4.705157431957048 9.228341020100363
-2.790970871753688 -9.819877161358258
-6.34937659597383 -3.339077771201806
3.6728389648456834 8.77789155279496
-3.5838652990348536 -2.39073921080163
-4.378755734468944 -3.300681001002759
-5.1570114391297714 -2.0111377762725837
5.117789958533648 9.032321128624027
-7.4290780376268675 5.457535660546524
-7.401178443491993 5.844337696239946
5.839426347242416 10.157251583698653
-2.1541577750135223 -9.792492973436135
-7.970503681824347 -4.747462535510964
-6.212768490260828 -3.704857171676626
-0.9717480015722455 -9.139795218907086
-5.417864743537539 -3.169331156083813
3.5676106354119064 8.764062096393285
-1.0917234650915786 -11.129805937866575
-5.543057466446017 -2.0108718570772504
-2.0574227465697605 -8.751037969309643
-2.0794917550097187 -10.491353128655476
3.8289951732941576 9.63006289398862
-6.853725316664865 -1.7101722871773288
3.6972636021454357 8.628655255615689
3.2369160286745102 9.10043233987031
-6.033420857234042 -3.86395414652853
3.892294281255097 9.189088752146365
-6.8458067341134115 7.037243482406526
-2.291321225564907 -9.481657438187055
5.209297442585657 9.582204931891313
-5.7717833469532 -3.4473127677116002
-6.6244516136973965 7.157599767877784
-6.020520867001711 -1.6626897945883348
-7.1836342480528375 5.752946632271516
-1.5390466708597375 -12.43280815291865
1.717864250636798 8.54140740150132
3.6324339567220223 8.731197894739552
-6.849951231979843 4.767354975279105
-5.967636722317408 -2.8054394080852605
3.2911949309181163 8.327171148585442
-3.2381148769735866 -11.958134073561729
-6.527271119335544 -3.9877526031857076
-6.963072816314325 -2.960951544893985
-5.675183199271293 5.893013380597211
-6.904192833470012 5.767519158687585
4.630805345824843 9.337997846125344
-5.802192549313579 -4.018013624191003
-7.403068677897071 6.301986258109039
6.231000091943574 9.872396874340609
-6.759679008589022 6.0641299105332696
-7.259703232869888 6.09452053185037
-7.66412425232253 4.558914671532165
-3.1437678308112833 -8.813712073867888
-5.563180217952404 -4.503295876335047
-3.68531200617557 -10.488966959506092
4.761187505681483 11.619456576434231
3.6049036484112627 8.636783002296827
-3.0359728966655597 -9.949292515199222
-5.6493823705921065 7.091951369179397
-1.9777332770945388 -10.424477542540577
-6.628554283733267 6.050394906355007
5.887606970209859 10.025998667498802
-1.6936733836756566 -9.428963021306766
-6.9896090258748576 -3.9623761714702903
-7.170714315173761 6.8994872954918245
-2.290554637654712 -10.55047039313675
-4.178346087803892 -3.953899397470731
-6.317637371928624 -3.4125736137207556
-0.8962263226003464 -8.835996230045131
-2.6992809896623204 -8.821907462662283
4.458686917075858 9.871165415036954
-8.331829448386689 6.646058462460325
-7.480736814824822 -4.349990465488416
-7.959490016777824 -4.125638806125775
3.934559435435271 9.719253277263903
-4.660286903651012 -1.8331337900903475
-5.630372635364673 8.122047748071402
3.7669143828677423 10.18500127684968
-2.5520098752129923 -9.601023613925063
-1.4938399532631874 -9.681977506647
3.0999236277551008 9.03055625366651
3.838618315278539 10.805260822345558
4.524109625855604 10.170801506062858
-5.968312352914056 5.585686945473569
5.168339308516169 8.305647631735074
3.8983828157264444 9.940989417433642
4.029119514383219 9.852842499248668
-8.61952353199424 7.485960195789662
5.222054327430874 10.502189884595253
2.782757066836364 11.1538389028202
-5.369995680059928 -1.9159730443386531
-7.326772776552365 5.8502308648907855
-0.6670008880394156 -8.93752509027086
3.185621708046508 9.073248631430262
-7.393347989439917 -2.150721701062774
-5.128764594789311 6.129476465463467
-5.882881799437891 -3.6518593186895334
-1.2139522370593576 -10.26627536273077
4.700842215828014 9.45617324587066
-6.231516717271196 7.139928305077866
-6.2344801314816625 -3.845819986973746
4.685163919748344 9.174158448062164
-5.34198197423535 -4.324967560406011
-0.6667561562045707 -8.417512784032981
2.8967264933177295 10.551244966669804
-3.5646099922954484 -9.29672726581454
-6.8633643369477095 4.557090728726465
-6.241239323425126 -4.564183841080361
-5.2900331201014 -3.068913733158696
3.1005415572969532 8.981063994905188
-4.833231449158474 -9.651313279756101
3.1695097283655547 10.438205971889364
-2.073183734028298 -9.190466057519169
-6.381834969496019 -3.5360573043333945
5.489184998545994 10.196122811308582
3.6037781866398406 8.182544754337414
-6.819752278920157 -3.643032881777707
-0.49273316538047673 -9.775324147193476
-6.858730306458521 6.277660164684821
-7.3519455818543715 5.173283581928727
-7.3162989908624265 7.644144343440596
-8.06565739833582 5.40349539573968
5.512978340146412 10.014370420961885
5.836286973121483 10.015939904367249
-5.23164003517072 -3.8578814087764233
-7.565236498479491 -2.95647784747396
-6.771181123255488 -3.4907230529887165
2.6694162392879504 10.964874244076682
-5.355076751828249 -2.8901240953707275
-3.4016253802554925 -12.179484025354535
5.387105097667241 9.988924774649124
-2.5438664276976564 -10.64048672232049
-4.880109253583178 -3.761544301430372
3.7446554033496056 10.203953962050795
-5.589845764632639 -2.9395748039076466
-5.178123813969695 -2.88265530657242
-1.494899621775747 -10.383340261339656
-0.9609714328927841 -9.85201631584961
-7.44207591555736 5.182652350616747
-7.290273772083085 6.552501485271144
-5.247933358991034 -3.2337852835934373
3.3688677658729977 10.948799000790626
-7.438425322138639 -4.584102141950854
-6.620415771561498 -4.156356541105798
-8.4712302821486 5.143317252306394
-7.617377545461023 4.312264398116733
-5.745887041479331 6.304756805588749
-6.131179587736069 -3.7738608188719036
-7.377669871053838 -3.777014334033758
-3.368468617884057 -10.664532591114671
-1.4624262920401867 -10.077829878737463
4.944106254611746 9.057939699167669
-0.1325276332547758 -10.178661570057969
-2.459637969159369 -10.811586807945027
-3.1535565075903746 -8.7074360639229
3.578218439722869 9.736174431177602
5.07742017630707 8.579164808376476
4.04782307330091 9.551193897316153
-5.583661571002444 7.317427388680735
3.1569700652799613 10.996828558544333
-8.35917590118306 -3.838691342154402
-3.381461353922889 -10.755245217916668
-6.594706417440821 6.058215832535845
-6.936246694331127 -3.41547756607372
-3.1189020666669 -8.87367667643108
-2.4069150271606494 -9.325534561536308
3.90511834135924 8.592095246360778
-6.0999705855768465 -2.7448273566818293
-2.684685944672631 -9.013260121920686
-7.036356687877222 7.403240962099304
5.022771638485124 9.396617490009318
-5.2779688778916105 -4.17271615725535
-7.207957340871996 -3.1600932001204973
-7.648843765615951 5.774990866956725
-5.468119706452649 -3.2528216103370924
-0.6251012641428044 -8.831510676855784
-7.324509937973399 -3.857095579033146
-0.4572351909863639 -10.36815916792486
4.357443521630642 10.663734691767484
-7.396712088526323 -3.116113721262053
-6.381657712951656 4.946253136392
-1.9765705160441966 -9.399013948809134
3.7892375120435395 8.818755459176371
4.2139231389142155 10.614334467043706
-7.856394363503645 6.042176028567169
-4.991555462755662 -4.114211130512154
-5.048471534009471 -3.1512918353390194
-2.380468062013847 -8.725794264914823
-0.5729233782255012 -10.476589280188797
-7.5689333228136695 3.6007751749918744
-6.563021798445802 -3.163419902920331
-6.503490532379858 -3.8911160628496444
-2.2240586888425344 -8.554028735510203
5.149054845387621 8.829064203350333
-6.90345865294605 -1.7812022747780178
-4.865569124528676 -3.038232032405873
-8.366869316773508 6.146856193308939
-5.560405558036119 -2.059785960167007
-2.614037486668484 -11.25775237064588
0.21443168798092316 -9.990397373443178
-1.0742662550795345 -10.386501030100288
2.5181494510153395 10.94340229595671
-2.4855609807716896 -10.345852290887015
-4.5270171721954515 -4.714265070738721
-2.99128312214627 -8.27143046359595
-8.980400556051656 7.090731294637964
-3.838285662258673 -9.474922391193461
-0.9782662711970855 -8.306424037984074
-5.770605432246177 -5.505265695276357
-4.533648930241798 -9.475118241546616
-5.992025202600094 4.872391243981235
-2.462648562555721 -10.005480110875762
-6.326271814497553 -6.476375912794861
-3.1336590256784014 -10.361155903679954
-5.116275094650205 -2.238353155599552
-2.2701587751345667 -10.655508321542015
-2.107079567153243 -7.738884511606548
-6.714348382386131 -3.4452154063237916
-2.0073003116309724 -11.36830200817764
-2.572688909684102 -9.167450234098677
-6.29860803594844 5.067339896021714
-5.9639395994693 -3.034751365268159
-2.3935076582606825 -9.953890923543108
-6.027692519808525 6.271778385939615
-6.727969849840623 4.529844828546798
-7.340154634289648 5.485248025011319
-7.884450012571973 -4.40412847411422
2.9775116879942773 10.314670183681093
-8.274931350258212 6.3514404004265685
-5.985649959583167 6.118913898661035
3.226513166257617 11.581080457622463
3.2212585134759584 11.233000317464292
-1.7092572089728417 -9.323846026845825
-2.2574466568057803 -10.56277881120456
3.2938395230787596 9.558360601826454
-3.566241894718485 -10.364516334035732
4.054765793460833 8.194287142377412
6.478849456197899 9.422871367649076
3.6602674170691545 8.962350877107786
-3.7253026683491655 -11.251413407382335
-0.5818861439273695 -9.49995069658471
-2.7845749251792866 -9.554786614129663
-2.5498234086636398 -9.615677832402989
-5.827336054744444 -3.7958303382603535
-5.9271437932592965 7.528886939570803
-6.301858978318704 5.88635882527057
3.054879359215223 8.824707460310652
-2.6025966833154777 -8.407475942425089
-6.346888796301221 6.5016932867443495
3.7070809833198815 10.249147681014612
-6.700583082871689 7.513355015829163
5.014182717339882 9.337329614518568
