-59 44
-29 59
-92 -100
58 52
12 -38
30 98
100 -48
-68 52
-64 -99
60 -74
41 1
42 -72
-78 95
-95 29
78 96
-51 54
79 58
-72 79
23 -40
-63 -73
-1 -20
-41 94
55 -38
25 -92
92 -42
2 6
-69 78
21 75
-2 6
-1 -94
-65 22
-5 -88
-2 25
14 11
-26 -52
39 -78
37 38
-74 -2
68 83
-82 51
-84 -16
-100 -46
90 -62
69 -16
-65 -82
-88 -2
41 -45
77 -37
5 31
-12 -45
8 6
94 -63
22 -49
56 -34
27 87
39 73
-72 63
-14 -64
25 70
51 -59
-87 -87
15 -85
7 -70
22 67
-61 -43
66 -26
-86 44
61 78
5 14
-100 33
20 -35
66 10
100 97
7 -65
98 -3
-6 34
94 -32
34 -91
66 64
-49 68
45 57
32 -67
-42 21
73 -50
82 -37
56 22
-74 32
-10 83
-70 35
-23 -32
64 -68
90 -72
83 50
64 6
-76 -47
-4 -69
-30 97
-46 -63
8 19
-19 74
-53 -75
-93 -43
-47 35
41 26
17 -87
31 -18
-44 30
-64 -84
55 -64
68 -31
63 100
-37 -8
-74 76
-5 7
-46 -9
-37 37
98 -70
-5 -38
-78 2
-1 -32
32 73
87 -65
24 -100
34 -16
36 -51
-38 41
55 -29
-90 -79
-5 36
26 63
88 32
-79 -33
81 7
-80 -70
-54 -14
-48 39
100 -24
-24 4
32 18
1 -37
-24 66
40 -91
-70 -25
33 -61
-25 80
-13 7
94 51
-23 -52
42 -43
15 34
3 -71
62 91
-78 -73
-63 99
-43 -18
27 35
52 95
-80 -48
-27 -76
-65 -90
61 60
97 90
-55 -56
-26 -15
-8 -20
-4 87
-40 -20
91 25
67 52
-54 -67
26 -65
-78 77
74 15
38 -12
54 43
99 -39
13 -96
-41 -27
-17 -28
-61 -31
85 -29
53 48
-20 22
54 41
71 68
48 -87
85 -50
-93 -8
55 78
-73 41
87 99
-12 24
66 56
-15 68
-90 92
54 8
6 -75
-66 -62
-27 75
63 25
-14 88
-16 59
-62 68
13 68
76 -2
-11 7
-25 -91
-78 -81
89 8
-64 96
-6 -89
41 -22
66 -85
-19 -49
-28 -31
-71 -30
-64 -10
-67 30
-50 -41
69 23
70 54
82 -24
19 -100
-11 58
85 -55
-55 -98
-68 83
-6 18
42 -30
-94 -14
95 -46
-7 -92
74 87
24 15
57 33
69 100
-52 84
52 36
-92 -91
14 -52
81 -4
-58 -52
-77 50
70 -83
-28 -32
76 -13
37 50
-68 34
-15 -50
-42 47
65 6
16 -23
70 -34
91 57
-12 79
-80 3
-58 99
100 -96
-19 11
12 -55
-53 -77
-12 67
72 -61
21 -3
82 56
90 -33
-33 80
24 -18
38 96
26 37
-99 -13
-83 -15
-87 -65
-56 21
-52 -84
-84 -68
-45 24
-5 16
75 -56
-79 46
-92 96
91 -96
-55 -3
-58 15
24 69
-25 -15
-57 -59
-18 14
-15 -96
-92 -88
-74 -71
38 -31
-73 -12
55 -68
-67 -40
-73 -56
51 -39
-33 100
-23 -60
-91 58
54 -50
93 10
52 5
19 -64
17 -63
74 98
-82 -61
73 -30
-27 -92
19 53
-62 11
15 71
14 49
-32 66
-62 -36
-53 -8
98 64
-18 68
-100 -67
-56 91
35 -77
-76 29
-90 -58
-9 -63
97 -88
17 -52
-29 94
-57 25
34 15
2 -31
62 -57
-48 -47
-93 -73
52 -67
-64 26
-29 2
64 -76
51 19
93 62
-38 -95
-10 -81
-32 99
48 -62
-31 40
20 -81
-59 -92
96 27
-68 -26
96 7
-96 83
57 91
90 76
-30 21
-10 -76
-66 34
-84 37
-56 -37
-95 -31
4 89
56 86
-65 7
-2 -85
-14 -5
41 -63
-53 6
86 -68
-43 -7
-43 32
67 38
49 29
72 -33
-7 -2
-31 99
15 -32
7 80
-71 9
-37 14
-35 49
57 5
-20 -3
-46 13
-59 52
-40 45
50 -47
-39 -89
98 97
2 57
-18 0
-31 -22
18 65
79 -89
-66 1
-14 76
-15 69
12 73
-35 36
-85 -60
68 59
95 72
1 -42
42 24
-38 68
93 -77
89 87
-76 43
-70 90
89 -11
-63 19
89 -89
20 48
-9 -3
-52 -23
-61 -40
78 13
-10 -87
-53 -50
-17 -23
59 1
22 -79
48 -37
-47 4
-72 30
-80 30
77 79
75 -74
78 -11
62 -4
-12 -35
88 -16
-82 -8
7 -82
65 -60
-5 15
-98 -13
-51 -59
11 82
-28 85
-64 0
12 -91
2 -3
60 -100
-6 20
-3 -84
21 -62
-57 6
-90 98
-1 -39
-36 -75
-84 84
61 18
31 45
-42 -27
-46 77
41 -100
28 -55
-78 59
79 97
-93 4
65 64
3 -41
-8 87
-79 61
-79 17
58 45
-62 -93
50 76
-12 -66
-33 -81
-62 -70
-3 -96
87 87
-35 -52
-44 -99
-41 70
64 -11
-64 79
-98 -25
-15 51
36 77
-66 76
42 -97
-33 8
63 -63
-15 -75
14 20
47 27
89 43
-11 82
59 41
-78 89
-85 52
-85 -23
-62 61
79 -44
16 99
65 26
-36 94
60 -6
-97 24
-62 59
