-38 26
-31 -16
-19 -53
-1 46
-62 -12
10 44
-20 -25
-62 20
-39 51
-24 -49
-38 1
40 -28
-99 30
84 -57
-69 75
-58 -38
27 -40
90 -24
-22 -30
-79 37
-15 -12
7 65
-58 -7
-17 -52
-29 -86
-10 -86
51 93
-99 90
55 -48
0 94
17 -66
48 -15
-52 66
96 -73
-86 -41
23 39
38 -37
89 -96
79 76
98 -94
10 -79
-20 99
49 -91
-64 -22
-87 85
-66 89
-27 -6
60 -85
-2 -39
82 -16
74 -90
23 -31
12 8
-88 47
63 93
54 -29
17 36
-39 0
-3 54
1 -25
97 -71
74 -85
55 85
20 -26
87 -97
8 79
-17 46
-16 -68
58 77
72 20
50 -48
-92 97
-83 8
-96 99
-98 3
-71 68
-27 67
90 -20
-27 6
16 3
-67 39
35 15
-43 97
74 81
82 -84
-87 -53
-34 96
8 -20
-93 6
87 98
-72 -26
-87 71
78 -37
45 28
-88 80
25 50
-87 -89
49 11
-68 -81
31 -65
73 -5
-92 54
-12 92
-3 19
-58 7
51 -65
-98 88
37 82
56 -42
-77 81
-66 -10
-79 -35
45 90
-50 59
-58 -28
21 -85
40 64
68 -39
59 -73
-3 22
49 52
94 77
-76 -39
-39 -63
39 -69
-84 8
18 -51
-99 99
67 -26
40 -83
-72 68
-36 -41
-52 24
-93 27
74 58
-81 3
75 27
48 -21
88 36
-38 -66
-62 34
-28 73
-32 96
73 -82
66 95
61 50
-42 83
91 -21
-76 17
58 97
33 96
75 -48
48 88
-56 -28
27 69
-90 -28
92 -42
15 -93
89 62
-32 -79
-83 87
12 87
-90 -55
-3 75
29 -43
39 -59
33 45
100 -68
-51 -93
-64 24
-60 30
51 -80
1 -75
-66 35
-85 83
-79 -30
69 71
8 -13
-69 59
-6 -84
77 -44
95 -43
-88 56
-60 87
-96 -43
-64 58
-85 89
74 -61
29 92
-57 85
-31 49
23 -80
71 98
-83 27
-67 -36
11 -2
43 92
63 2
-8 -53
70 -18
77 -12
9 -60
65 25
74 34
77 32
-7 36
-29 65
-77 63
3 -48
-22 18
-48 -29
57 86
27 65
-48 -67
43 -7
16 -83
23 -83
70 -70
-94 26
-68 14
-67 4
80 86
-89 -34
29 55
-74 -18
-74 7
-73 -61
-57 95
68 -30
-49 -75
89 -93
-36 -93
-88 -57
77 20
-34 11
-49 -76
-28 -62
88 -42
9 -35
-49 28
2 75
100 76
-56 -75
41 21
-66 -38
37 87
-76 86
11 46
-62 -39
-19 -7
-30 -92
85 -78
9 13
-28 -48
-100 89
-94 94
71 47
-9 -64
78 -93
55 -80
-38 -46
-69 80
-32 -91
-9 34
73 44
-14 90
-15 -4
5 86
-11 32
84 -9
-83 86
46 8
12 -57
-42 58
62 -12
-50 18
-67 45
-77 -57
-98 -74
89 -50
23 55
38 58
59 85
-80 -36
-85 -98
43 36
64 73
31 74
-12 80
-64 36
-54 -27
-64 7
8 -82
-42 61
-89 27
-96 90
-71 71
-97 -97
-18 4
-73 93
-58 -32
39 31
94 -32
-85 -32
-48 -64
68 95
-37 57
61 28
-90 8
57 -82
-84 -10
-11 53
-68 -46
-88 -31
-45 21
-14 -10
-20 -84
-46 30
57 14
-100 -61
-85 8
17 -22
77 -6
95 56
-63 30
-60 86
43 -22
-4 -44
-2 8
41 54
-83 37
56 44
4 -76
84 6
12 29
63 98
-22 -52
49 -42
-94 43
85 -20
53 51
19 65
-75 -94
-14 -96
38 95
71 -57
-17 -86
95 3
-11 -89
-37 -9
36 80
-92 -10
81 71
-30 -57
-71 14
-54 45
61 31
100 -1
-39 -11
22 66
-14 96
43 -76
13 -52
-13 -14
11 -3
78 78
-27 -72
82 1
64 91
-86 31
-57 1
-92 4
-56 86
-80 -96
34 -96
-52 39
37 -38
37 -40
-66 80
-91 10
48 -89
-32 100
-25 32
-26 65
93 36
-31 -7
-62 -25
29 28
-41 50
-59 94
6 -47
-30 44
78 0
70 -90
-7 -99
85 -72
-57 -75
89 -38
-63 49
13 52
-40 82
-49 57
-79 97
-83 67
-60 73
26 -46
-30 -84
84 62
-56 13
-40 -56
77 58
-14 -98
22 -45
2 27
-61 61
-61 69
89 -13
-36 -23
-12 -29
-86 -20
30 6
88 -38
39 0
96 70
-27 38
-15 -3
-47 -88
-28 7
-40 85
8 -100
-58 -80
26 -92
-70 72
13 -79
-73 3
92 43
70 -31
93 54
-41 -3
-12 8
-66 -6
36 -30
-10 -54
35 -80
90 93
-48 4
-50 21
-16 -87
-32 63
41 -78
10 -26
90 -34
20 -76
80 30
-97 88
-74 95
-33 -69
21 -47
-90 70
-4 25
78 66
40 59
57 63
62 79
-56 76
39 97
-85 0
-51 -53
1 13
-70 29
-59 -18
-86 96
-59 -97
-86 62
48 87
-77 -3
-23 39
13 80
30 -2
29 -28
-64 -57
-86 -40
2 -68
64 -91
-46 -49
43 52
-37 13
33 -10
-11 -80
-6 -76
-78 23
2 -72
22 60
-96 -76
-100 28
68 22
46 11
93 -27
