3
3.88917 -0.981671 0
7.56649 1.42711 1
9.6195 9.22961 2
3.41987 -0.660925 0
8.80191 1.63684 1
6.46624 0.248189 1
9.05101 9.65054 2
9.32231 -0.21438 1
9.67865 9.71694 2
9.09383 1.84526 1
9.65717 8.66248 2
8.97422 8.48602 2
3.60673 -0.147268 0
9.5219 2.97916 1
9.78655 8.42935 2
8.08837 2.09186 1
3.15562 -0.831961 0
7.73285 1.12155 1
6.59014 0.19139 1
4.55214 -1.26259 0
1.03014 0.601929 0
9.19018 10.852 2
10.3134 10.6131 2
2.11066 -1.63493 0
7.45767 2.99408 1
10.0961 8.51971 2
10.1353 8.811 2
2.64598 0.110054 0
7.77394 1.64317 1
5.38899 1.13913 1
11.2518 8.77695 2
8.29009 0.787105 1
3.41612 -1.35025 0
8.21153 1.11065 1
4.87019 -3.06605 0
7.32957 1.37507 1
6.40097 1.287 1
7.68281 9.94081 2
7.29854 0.706246 1
7.50111 1.15871 1
2.97671 -2.04893 0
4.8802 -2.40524 0
9.9108 7.65587 2
6.32174 2.6242 1
7.4413 -0.408496 1
5.07576 -1.84835 0
5.22356 0.113302 0
7.50886 2.77986 1
7.95218 2.64096 1
8.64931 8.82945 2
4.7824 0.424834 0
8.7119 9.66311 2
9.71157 3.58171 1
7.49768 2.96484 1
7.67077 9.37138 2
3.69696 0.307744 0
6.37916 -2.31796 0
3.72444 -1.50785 0
3.60048 0.391255 0
8.91512 9.51446 2
9.44687 8.82823 2
9.28267 8.87564 2
9.82328 10.0271 2
9.50141 8.94831 2
3.47788 -2.32349 0
3.58992 -0.806847 0
7.48811 2.0803 1
5.39595 1.84394 1
10.7045 7.94184 2
9.29165 9.65703 2
7.19847 1.90363 1
4.05431 -0.62245 0
8.42648 9.838 2
10.7583 11.3707 2
6.57912 -1.20333 0
4.53155 -1.64176 0
8.54355 10.3979 2
11.747 8.60004 2
5.702 1.09403 1
4.79084 -2.42198 0
4.61311 0.0107501 0
9.0102 9.97849 2
8.79984 8.65669 2
10.2628 9.42774 2
3.58169 -0.762679 0
4.85271 0.818017 0
7.99965 1.78901 1
10.5358 9.50345 2
9.32572 9.25152 2
5.90818 2.75714 1
3.80064 -0.954362 0
6.80969 1.29675 1
9.69869 1.83323 1
1.78682 -2.61694 0
1.18133 -1.5507 0
10.6582 8.58732 2
9.77211 9.04533 2
10.182 9.52656 2
3.50149 -3.07499 0
4.68157 -1.39765 0
9.12452 2.51809 1
8.89619 0.198773 1
9.38876 11.0416 2
9.10298 11.9469 2
6.78732 0.398761 1
5.0834 -0.167893 0
4.7917 -0.998518 0
7.13339 0.341777 1
6.38135 1.11697 1
10.0223 3.13596 1
10.287 8.6046 2
6.89898 0.3736 1
7.48856 9.85666 2
7.64344 0.853818 1
9.50371 9.1592 2
9.47223 8.07161 2
5.8463 1.22319 1
8.39123 1.21787 1
7.94157 1.63306 1
10.7678 8.29426 2
1.57513 -0.274721 0
4.35577 -2.05335 0
7.06076 2.30316 1
3.08866 -0.639765 0
4.38476 -1.33389 0
8.34058 1.59542 1
2.28495 -0.700207 0
3.49402 -0.206286 0
7.66236 1.09894 1
7.7504 1.80414 1
4.60839 0.438711 0
8.37586 10.1047 2
8.41863 9.64205 2
3.88275 -1.25916 0
4.96833 -0.797393 0
6.33535 0.252847 1
7.85212 3.60789 1
9.9477 10.4432 2
8.39934 9.97375 2
2.27196 -1.23013 0
4.39191 -2.81046 0
7.69893 1.51684 1
5.84726 -0.316736 0
3.1365 -0.241393 0
10.8477 8.95432 2
8.74573 8.6341 2
10.7396 9.83684 2
3.15892 -0.145802 0
7.94704 0.400172 1
10.5308 7.71479 2
4.34101 -1.51843 0
3.14098 -1.44778 0
7.71401 1.91703 1
10.4114 8.50648 2
5.38446 0.610956 0
8.99856 8.92685 2
3.5739 -2.41633 0
8.02038 -0.621788 1
9.33151 8.69715 2
7.78008 1.51918 1
7.37201 1.10106 1
6.39204 0.0373364 1
4.00057 -1.02691 0
8.96098 9.5047 2
2.62897 0.0432075 0
3.03995 1.27238 0
6.5677 2.42414 1
9.40227 0.582386 1
10.5058 9.55694 2
4.27428 -1.8777 0
6.86712 1.50902 1
6.13492 0.934871 1
5.74344 1.75683 1
6.06276 1.41385 1
9.35093 8.08217 2
11.5512 7.71993 2
11.7217 11.0285 2
4.76151 -0.702707 0
10.2719 8.91486 2
8.04003 1.04426 1
3.84804 -0.926374 0
2.37482 -0.778842 0
8.7607 1.0549 1
8.43241 2.16983 1
3.96244 -1.3398 0
8.62698 1.43666 1
9.24467 8.87256 2
9.29587 8.26739 2
8.96019 9.84129 2
5.46833 0.000190416 0
3.32157 -1.1424 0
4.60125 -0.603524 0
9.40854 8.9192 2
4.22699 -0.943814 0
5.61464 -0.423955 0
6.87599 1.60276 1
10.5677 10.0274 2
9.90092 9.99908 2
2.03881 -0.750025 0
5.89337 1.58101 1
10.9154 8.57971 2
2.46587 -2.48159 0
7.73747 0.893783 1
8.46731 3.88548 1
9.40174 7.34302 2
10.248 8.58574 2
4.45886 -1.48625 0
11.1999 9.01572 2
9.32222 8.69275 2
4.64074 -1.26628 0
7.49483 2.60354 1
6.81565 1.09397 1
2.61096 -0.218341 0
10.2636 10.4503 2
6.939 2.41572 1
6.14859 2.31842 1
8.09011 10.7431 2
2.72986 -0.958745 0
2.27782 -1.22037 0
3.58065 -2.42318 0
4.1069 -1.96125 0
2.53544 -2.60813 0
9.29844 9.95831 2
11.1115 9.57093 2
10.7186 10.5472 2
9.94792 8.12764 2
4.52573 -0.99231 0
8.8762 1.35696 1
10.0977 10.3948 2
11.0952 6.89337 2
8.25044 11.682 2
6.91095 3.25058 1
9.11027 1.95459 1
5.16588 -0.582483 0
4.87244 -1.99072 0
7.9917 7.7882 2
7.48575 0.583246 1
2.88344 -0.820359 0
5.49404 1.32209 1
9.37839 9.20608 2
4.29202 -2.72107 0
9.4322 10.3309 2
6.58507 2.4031 1
8.93637 2.59167 1
6.72574 2.03336 1
10.4992 9.50283 2
3.87328 -2.20136 0
5.80114 2.03681 1
9.03017 8.48949 2
7.45461 1.61817 1
8.54655 7.53853 2
4.15556 -0.581151 0
6.9485 1.79434 1
5.36202 -1.33339 0
3.94286 -1.711 0
1.51945 -2.17649 0
3.80323 -0.79104 0
2.46819 1.67204 0
8.62593 0.49482 1
5.86016 1.67087 1
9.92512 8.32312 2
3.59356 -2.14803 0
9.68511 9.92335 2
6.06197 2.29292 1
2.9565 -2.02707 0
7.12836 0.901185 1
7.319 0.207874 1
4.22166 0.32291 0
3.91417 -2.47171 0
9.14512 8.19308 2
9.08071 1.90628 1
9.65897 8.89302 2
7.49057 1.59243 1
11.0064 8.6128 2
7.96895 9.83774 2
7.83529 0.195432 1
6.69522 0.381617 1
1.72279 -1.36648 0
9.17277 9.08211 2
11.0078 9.23723 2
8.0553 0.850821 1
3.59826 -1.66132 0
8.36787 7.83979 2
4.0266 -0.0902262 0
8.09407 0.316573 1
6.75402 2.47604 1
4.71477 -1.87479 0
4.38935 -1.0408 0
4.45824 -1.53765 0
9.63183 10.1571 2
10.1111 8.65914 2
7.65689 2.45839 1
3.22811 -0.045463 0
8.99414 8.45385 2
4.05981 -0.337137 0
3.14693 -1.04373 0
11.0046 8.07744 2
2.8888 -1.32506 0
8.77155 9.20216 2
9.9315 9.37202 2
11.8109 8.12197 2
11.5834 8.18311 2
10.102 9.50043 2
9.91372 9.23555 2
9.42102 11.0821 2
7.93577 -0.0294366 1
3.47911 -1.38155 0
9.21666 10.7518 2
12.6589 9.59322 2
4.58109 -0.768216 0
4.08205 -1.82955 0
7.74129 1.1643 1
11.458 10.0014 2
8.9653 10.6332 2
7.75212 8.71047 2
7.68617 2.09515 1
6.16495 -0.0480811 1
3.58307 -2.01724 0
8.68451 9.15359 2
2.94452 0.00674887 0
7.29483 9.6802 2
8.47514 8.64381 2
2.94832 -0.471187 0
8.69332 10.4261 2
7.49912 0.450574 1
9.80784 8.31925 2
8.62146 1.76865 1
6.98413 1.32945 1
8.21998 0.0842926 1
12.0775 8.25534 2
7.26841 10.7309 2
4.79631 -2.63853 0
3.20274 -1.02232 0
7.92014 2.92625 1
7.01317 2.39992 1
7.48615 2.12439 1
4.85349 0.192845 0
7.43091 2.50478 1
8.85544 9.43009 2
8.74792 10.1319 2
8.32505 2.03919 1
9.58725 10.8215 2
8.64739 9.51418 2
10.3308 8.96375 2
9.44326 3.21933 1
2.37227 -0.27166 0
7.95817 1.45157 1
9.00328 1.0611 1
4.78844 -1.88597 0
3.82271 -0.14244 0
10.2113 10.3203 2
5.13738 -1.32639 0
7.18633 1.91909 1
7.65236 9.44791 2
4.48901 -0.799728 0
9.05473 8.80685 2
4.50396 0.1588 0
2.78417 -0.697741 0
5.01749 -1.05374 0
8.19886 1.57441 1
10.0635 6.51614 2
5.5292 -2.31969 0
3.40266 -1.82517 0
9.63804 11.381 2
3.43609 -1.41204 0
3.61297 0.885128 0
9.59137 2.05543 1
4.86946 -1.42619 0
9.85391 9.58142 2
10.2293 8.05653 2
2.97 -0.317295 0
3.56867 0.426633 0
8.86592 9.46791 2
4.39691 -1.32842 0
6.14672 0.342967 1
2.90039 -0.823008 0
10.7737 8.49809 2
7.2948 1.70197 1
8.61989 9.32574 2
2.77287 0.348758 0
7.00603 1.74977 1
8.14058 0.266822 1
9.44261 8.46906 2
9.50537 8.52611 2
7.11991 1.70352 1
4.96863 0.139147 0
7.3339 8.7417 2
8.42852 0.9756 1
6.35812 -0.61955 1
6.45076 1.88739 1
8.23306 6.30469 2
9.60205 9.34122 2
5.91707 0.955106 1
6.42686 -0.0708016 1
10.4718 8.25124 2
8.49613 1.49768 1
8.67256 9.46607 2
12.0187 9.25834 2
3.40423 0.0589575 0
9.87703 7.13994 2
5.00941 -1.42679 0
5.35683 -0.447267 0
8.62847 8.62392 2
8.10728 8.07387 2
4.87682 -0.212642 0
3.3419 -0.243197 0
6.47497 1.95063 1
3.98458 -1.30038 0
8.21682 1.67445 1
9.88899 8.8457 2
9.60594 8.50707 2
10.4095 7.7435 2
7.82365 1.04288 1
8.06529 0.847987 1
9.78759 9.58367 2
9.50516 8.80559 2
7.41998 2.36008 1
3.44637 -1.8695 0
7.98841 0.102823 1
5.07871 0.290076 0
9.09348 -0.525971 1
9.00737 9.67832 2
3.3381 1.30376 0
3.11149 -2.31371 0
8.78571 8.83823 2
3.34846 0.55804 0
5.42327 -1.09965 0
1.49527 -0.552027 0
4.14806 -0.165171 0
7.09677 -0.0961952 1
9.39275 10.8331 2
7.68588 0.515967 1
3.72989 -2.55554 0
8.0781 1.89702 1
4.4986 0.63816 0
10.0438 10.4736 2
9.18672 1.87894 1
4.34716 -1.46072 0
9.28094 0.481576 1
8.66819 2.52615 1
7.39239 2.76801 1
9.27495 9.46906 2
9.42474 9.37753 2
7.94977 9.65879 2
7.2762 -0.258294 1
9.15237 9.41899 2
8.14133 2.06452 1
4.49799 -2.61901 0
9.67558 10.2781 2
3.1466 -0.517931 0
7.804 1.24575 1
9.32644 9.0921 2
8.01848 8.49262 2
5.5646 -1.38859 0
6.08064 1.77079 1
3.80636 -0.920806 0
11.1301 10.0132 2
7.83765 1.37661 1
3.87274 -0.420812 0
8.21434 1.05004 1
9.97869 8.54529 2
3.7618 -1.91043 0
7.77744 1.55998 1
7.66842 0.723059 1
6.25922 -0.892511 0
7.50593 1.18786 1
6.01532 2.06315 1
5.11416 -0.0710249 0
11.0389 8.18015 2
4.3846 1.0305 0
3.90596 0.100615 0
3.65013 -2.11789 0
8.55911 1.39571 1
7.79177 1.99694 1
4.87574 -0.104658 0
3.68904 -2.60334 0
5.07206 -3.04955 0
7.30355 1.21278 1
3.84118 -0.941193 0
3.36883 -1.1174 0
3.44434 0.646713 0
6.50329 0.0436402 1
4.8072 -1.3989 0
9.96417 9.11974 2
7.79607 1.87532 1
7.87277 -0.737709 1
8.92344 0.268318 1
7.90066 1.80844 1
9.97477 10.2053 2
6.53052 1.22124 1
8.44255 2.07923 1
8.87499 10.1626 2
4.19171 -1.76943 0
3.41524 -1.75999 0
5.87394 2.21863 1
3.94256 -1.60762 0
12.1704 10.8506 2
2.76743 -1.32367 0
10.1457 9.13098 2
8.42995 1.57691 1
9.09628 0.560544 1
10.254 10.1557 2
4.84926 1.14268 0
